word WORD_AVERAGE_FIX_PUPIL_SIZE WORD_FIRST_RUN_FIXATION_% WORD_THIRD_RUN_FIXATION_% WORD_THIRD_FIXATION_Y WORD_LAST_FIXATION_Y WORD_SELECTIVE_GO_PAST_TIME WORD_SPILLOVER
de  26.722277722277724 0.00013136863136863137 0.0 0.0 1.6599400599400598 2.5494505494505493 0.7772227772227772
enorme  2.8121878121878123 1.4885114885114885e-05 2.987012987012987e-05 0.13976023976023977 0.11598401598401598 0.22677322677322678 0.27372627372627373
belangstelling  3.206793206793207 1.4885114885114885e-05 0.0 0.0 0.09830169830169831 0.27372627372627373 0.1068931068931069
die  17.83066933066933 9.510489510489511e-05 0.0 0.0 1.6456543456543455 1.6043956043956045 0.0
het  56.582417582417584 0.00027552447552447556 1.4285714285714285e-05 0.1906093906093906 5.802297702297704 5.5994005994005995 1.5564435564435564
publiek  3.358641358641359 1.4885114885114885e-05 0.0 0.0 0.11168831168831168 0.09490509490509491 0.22677322677322678
toonde  3.1238761238761237 1.4885114885114885e-05 0.0 0.0 0.11748251748251748 0.22677322677322678 0.0
voor  7.235764235764235 3.066933066933067e-05 0.0 0.0 0.7260739260739261 0.8791208791208791 0.15184815184815184
wat  12.954045954045954 9.040959040959041e-05 0.0 0.0 1.2080919080919081 1.884115884115884 0.44755244755244755
indertijd  2.839160839160839 1.4885114885114885e-05 0.0 0.0 0.11418581418581418 0.2627372627372627 0.2047952047952048
bekend  2.769230769230769 1.4885114885114885e-05 0.0 0.0 0.1068931068931069 0.2047952047952048 0.17082917082917082
stond  5.51998001998002 2.4675324675324674e-05 0.0 0.0 0.23426573426573427 0.3756243756243756 0.0
als  9.587412587412587 4.105894105894106e-05 0.0 0.0 1.2804195804195802 1.3136863136863137 0.5744255744255744
zaak  5.438561438561439 2.9170829170829172e-05 0.0 0.0 0.34985014985014984 0.3336663336663337 0.43956043956043955
styles',  2.753746253746254 1.4885114885114885e-05 0.0 0.0 0.17512487512487512 0.3046953046953047 0.0959040959040959
wordt  2.879120879120879 2.987012987012987e-05 0.0 0.0 0.16403596403596402 0.23776223776223776 0.0
nu  0.0 0.0 0.0 0.0 0.0 0.0 0.0
minder.  0.0 0.0 0.0 0.0 0.0 0.0 0.0
niettemin  2.86013986013986 1.4885114885114885e-05 0.0 0.0 0.17092907092907092 0.3086913086913087 0.0
is  10.86963036963037 5.214785214785215e-05 0.0 0.0 2.1818181818181817 1.1578421578421578 0.16583416583416583
mij,  2.7842157842157844 1.4885114885114885e-05 0.0 0.0 0.17102897102897102 0.2997002997002997 0.24575424575424576
zowel  2.762237762237762 1.4885114885114885e-05 0.0 0.0 0.17162837162837163 0.24575424575424576 0.12887112887112886
door  10.346653346653346 4.745254745254745e-05 6.5934065934065935e-06 0.2946053946053946 0.8002997002997003 0.994005994005994 0.0
mijn  9.635864135864136 2.757242757242757e-05 0.0 0.0 1.6598401598401598 0.7882117882117882 0.6223776223776224
vriend  2.7612387612387614 1.4885114885114885e-05 0.0 0.0 0.23496503496503496 0.27972027972027974 0.0
poirot  2.7807192807192807 1.4885114885114885e-05 0.0 0.0 0.22837162837162836 0.4305694305694306 0.24775224775224775
betrokken  5.534465534465535 2.9170829170829172e-05 0.0 0.0 0.41228771228771227 0.35864135864135865 0.4965034965034965
familieleden,  2.82017982017982 1.4885114885114885e-05 0.0 0.0 0.23866133866133868 0.16283716283716285 0.2097902097902098
verzocht  2.8011988011988014 1.4885114885114885e-05 0.0 0.0 0.23976023976023977 0.2097902097902098 0.0
een  21.456043956043956 0.00012577422577422578 0.0 0.0 2.223876123876124 2.2047952047952046 0.998001998001998
verslag  2.681318681318681 1.4885114885114885e-05 0.0 0.0 0.23936063936063937 0.3226773226773227 0.0979020979020979
van  28.281218781218783 0.0001261738261738262 0.0 0.0 3.7852147852147846 3.3206793206793206 0.2707292707292707
hele  5.234765234765235 2.807192807192807e-05 0.0 0.0 0.537962037962038 0.8961038961038961 0.17182817182817184
gebeuren  2.7482517482517483 1.4885114885114885e-05 0.0 0.0 0.3010989010989011 0.23376623376623376 0.0
te  11.292707292707293 6.593406593406594e-05 0.0 0.0 1.6587412587412589 1.4045954045954046 0.13586413586413587
schrijven,  2.6383616383616384 1.4885114885114885e-05 0.0 0.0 0.29480519480519485 0.07092907092907093 0.20279720279720279
gezien  2.745254745254745 1.4885114885114885e-05 0.0 0.0 0.28981018981018986 0.20279720279720279 0.2077922077922078
feit  0.0 0.0 0.0 0.0 0.0 0.0 0.0
dat  28.251578421578422 0.00013456543456543456 6.5934065934065935e-06 0.5034965034965035 4.001998001998002 3.101898101898102 0.7172827172827173
er  7.514985014985015 3.776223776223776e-05 0.0 0.0 0.6674325674325674 0.974025974025974 0.15684315684315683
in  17.86863136863137 8.121878121878121e-05 0.0 0.0 2.2492507492507494 2.027972027972028 0.0
wereld  4.988011988011988 5.094905094905095e-05 0.0 0.0 0.7257742257742258 0.6413586413586414 0.0
grote  0.0 0.0 0.0 0.0 0.0 0.0 0.0
ruchtbaarheid  2.7734765234765235 5.9640359640359646e-05 0.0 0.36773226773226775 0.36923076923076925 1.3216783216783217 0.0
aan  9.375624375624376 5.044955044955045e-05 0.0 0.0 1.8170829170829172 0.8151848151848152 0.0
gegeven  2.5544455544455547 1.4885114885114885e-05 0.0 0.0 0.3719280719280719 0.3106893106893107 0.0
is.  0.0 0.0 0.0 0.0 0.0 0.0 0.0
op  14.17882117882118 6.323676323676324e-05 0.0 0.0 1.7426573426573426 1.3836163836163837 0.8151848151848152
deze  4.758741258741258 2.1478521478521477e-05 6.5934065934065935e-06 0.5607392607392607 0.9655344655344655 0.6073926073926074 0.2947052947052947
manier  2.4685314685314683 1.4885114885114885e-05 0.0 0.0 0.3625374625374625 0.1968031968031968 0.2127872127872128
hopen  2.4425574425574426 1.4885114885114885e-05 0.0 0.0 0.3676323676323676 0.2127872127872128 0.16883116883116883
we  4.621378621378621 2.5374625374625374e-05 0.0 0.0 0.7937062937062938 0.39760239760239763 0.6633366633366633
voorgoed  2.4115884115884114 1.4885114885114885e-05 0.0 0.0 0.36693306693306693 0.2867132867132867 0.0
einde  2.4075924075924076 1.4885114885114885e-05 0.0 0.0 0.36923076923076925 0.21078921078921078 0.1048951048951049
maken  0.0 0.0 0.0 0.0 0.0 0.0 0.0
sensationele  2.5454545454545454 1.4885114885114885e-05 0.0 0.0 0.4253746253746254 0.1978021978021978 0.20679320679320679
geruchten  2.4385614385614387 1.4885114885114885e-05 0.0 0.0 0.43676323676323675 0.20679320679320679 0.0
nog  4.935064935064935 3.036963036963037e-05 0.0 0.0 0.7393606393606392 0.5094905094905094 0.10989010989010989
steeds  4.611888111888112 4.1858141858141856e-05 0.0 0.0 0.7351648351648351 0.46853146853146854 0.0
ronde  2.4665334665334666 1.4885114885114885e-05 0.0 0.0 0.43106893106893107 0.1998001998001998 0.0
doen.  0.0 0.0 0.0 0.0 0.0 0.0 0.0
ik  20.000999000999002 9.44055944055944e-05 0.0 0.0 2.246353646353646 1.6973026973026972 0.2787212787212787
zal  2.138861138861139 7.792207792207792e-06 0.0 0.0 0.4995004995004995 0.1928071928071928 0.0
daarom  3.0954045954045952 2.857142857142857e-05 0.0 0.0 0.11108891108891109 0.35264735264735264 0.0
kort  0.0 0.0 0.0 0.0 0.0 0.0 0.0
omstandigheden  2.902097902097902 1.4285714285714285e-05 0.0 0.0 0.11838161838161838 0.17382617382617382 0.27972027972027974
uiteenzetten  2.822177822177822 1.4285714285714285e-05 0.0 0.0 0.12717282717282716 0.27972027972027974 0.0
ertoe  2.635364635364635 1.4285714285714285e-05 0.0 0.0 0.11728271728271729 0.2917082917082917 0.33266733266733267
geleid  2.684815184815185 2.857142857142857e-05 0.0 0.0 0.12127872127872129 0.3596403596403596 0.0
hebben  6.434565434565434 3.996003996003996e-05 1.3486513486513486e-05 0.36593406593406597 1.024075924075924 0.7082917082917083 0.14085914085914086
bij  7.624375624375625 3.4565434565434566e-05 0.0 0.0 0.7114885114885116 0.5564435564435565 0.0
raakte.  2.797202797202797 1.4285714285714285e-05 0.0 0.0 0.18831168831168832 0.3336663336663337 0.0
was  16.7012987012987 7.602397602397601e-05 0.0 0.0 2.026073926073926 1.7872127872127872 0.3916083916083916
gewond  2.731768231768232 1.4285714285714285e-05 0.0 0.0 0.18511488511488514 0.25274725274725274 0.0
front  2.5604395604395602 1.4285714285714285e-05 0.0 0.0 0.1795204795204795 0.21078921078921078 0.2517482517482518
naar  4.752247752247753 2.777222777222777e-05 0.0 0.0 0.49360639360639363 0.6653346653346653 0.0
huis  2.5584415584415585 9.79020979020979e-06 0.0 0.0 0.1744255744255744 0.15684315684315683 0.0
gestuurd,  2.8231768231768233 1.4285714285714285e-05 0.0 0.0 0.25024975024975027 0.25674325674325676 0.0
en  17.275724275724276 7.492507492507491e-05 0.0 0.0 2.0395604395604394 1.2607392607392607 0.6963036963036963
nadat  2.7952047952047954 2.857142857142857e-05 0.0 0.0 0.23026973026973027 0.2777222777222777 0.0
enige  7.636033966033966 4.075924075924076e-05 1.2987012987012986e-05 0.1874125874125874 0.5985014985014985 0.7462537462537463 0.4065934065934066
maanden  2.6223776223776225 1.4285714285714285e-05 0.0 0.0 0.23676323676323677 0.18281718281718282 0.0
had  16.776223776223777 8.211788211788212e-05 0.0 0.0 2.4063936063936064 1.847152847152847 0.7302697302697303
doorgebracht  2.606393606393606 2.857142857142857e-05 0.0 0.0 0.24115884115884118 0.32367632367632365 0.0
nogal  9.746253746253746 5.584415584415584e-05 0.0 0.0 1.414785214785215 0.7902097902097902 0.4995004995004995
deprimerend  2.5864135864135864 1.4285714285714285e-05 0.0 0.0 0.23496503496503496 0.4015984015984016 0.16183816183816183
herstellingsoord,  2.6443556443556444 5.7042957042957044e-05 0.0 0.2961038961038961 0.2907092907092907 0.7042957042957043 0.21078921078921078
kreeg  2.5394605394605394 1.4285714285714285e-05 0.0 0.0 0.2994005994005994 0.21078921078921078 0.0
maand  2.5424575424575426 1.4285714285714285e-05 0.0 0.0 0.2959040959040959 0.3176823176823177 0.12287712287712288
ziekteverlof.  2.4595404595404595 1.4285714285714285e-05 0.0 0.0 0.3010989010989011 0.12287712287712288 0.1968031968031968
aangezien  2.4475524475524475 1.4285714285714285e-05 0.0 0.0 0.29210789210789206 0.1968031968031968 0.0
geen  7.003996003996004 4.885114885114885e-05 0.0 0.0 0.7795204795204794 1.2017982017982018 0.4065934065934066
naaste  2.4095904095904097 1.4285714285714285e-05 0.0 0.0 0.3042957042957043 0.2787212787212787 0.0
familie  2.5634365634365635 1.4285714285714285e-05 0.0 0.0 0.37092907092907096 0.2017982017982018 0.0
of  0.0 0.0 0.0 0.0 0.0 0.0 0.0
vrienden  2.5624375624375624 1.4285714285714285e-05 0.0 0.0 0.36063936063936064 0.12287712287712288 0.25274725274725274
heb,  2.4685314685314683 1.4285714285714285e-05 0.0 0.0 0.36343656343656344 0.25274725274725274 0.0
overleggen  2.4895104895104896 1.4285714285714285e-05 0.0 0.0 0.3739260739260739 0.2597402597402597 0.0
zou  4.823176823176823 2.727272727272727e-05 0.0 0.0 0.8000999000999002 0.6473526473526473 0.3246753246753247
gaan  2.4655344655344655 1.4285714285714285e-05 0.0 0.0 0.37822177822177827 0.13886113886113885 0.14885114885114886
doen,  2.4685314685314683 1.4285714285714285e-05 0.0 0.0 0.378021978021978 0.14885114885114886 0.0
toen  2.36013986013986 6.5934065934065935e-06 0.0 0.0 0.5710289710289711 0.26373626373626374 0.31368631368631367
john  7.29020979020979 3.5564435564435567e-05 0.0 0.0 0.9110889110889111 0.8561438561438561 0.5114885114885115
cavendish  9.682317682317683 5.0949050949050944e-05 0.0 0.43156843156843155 1.092907092907093 0.8451548451548452 0.24875124875124874
tegen  2.3826173826173824 1.4285714285714285e-05 0.0 0.0 0.43086913086913087 0.24875124875124874 0.0
t  2.381618381618382 1.108891108891109e-05 0.0 0.0 0.177022977022977 0.0939060939060939 0.0
lijf  0.0 0.0 0.0 0.0 0.0 0.0 0.0
liep.  2.32967032967033 1.4285714285714285e-05 0.0 0.0 0.4273726273726274 0.16483516483516483 0.0
hem  6.8431568431568435 3.856143856143856e-05 0.0 0.0 0.9646353646353647 0.6353646353646354 0.0
laatste  2.2507492507492506 1.4285714285714285e-05 0.0 0.0 0.42877122877122875 0.26073926073926074 0.0
jaren  2.4745254745254743 1.4285714285714285e-05 0.0 0.0 0.43096903096903094 0.23376623376623376 0.0
weinig  2.243756243756244 1.4285714285714285e-05 0.0 0.0 0.4381618381618382 0.22377622377622378 0.21078921078921078
gezien.  2.3036963036963036 1.4285714285714285e-05 0.0 0.0 0.4379620379620379 0.21078921078921078 0.0
eigenlijk  5.357642357642358 2.6073926073926073e-05 0.0 0.0 0.6237762237762238 0.3256743256743257 0.1918081918081918
nooit  4.963536463536464 2.727272727272727e-05 0.0 0.0 0.6795204795204796 0.36163836163836166 0.22877122877122877
goed  4.546453546453546 2.0879120879120882e-05 0.0 0.0 0.9169830169830171 0.6143856143856143 0.0
gekend.  0.0 0.0 0.0 0.0 0.0 0.0 0.0
eerste  2.5884115884115886 6.5934065934065935e-06 6.5934065934065935e-06 0.10869130869130869 0.10869130869130869 0.40559440559440557 0.24075924075924077
plaats  2.641358641358641 6.5934065934065935e-06 0.0 0.0 0.1048951048951049 0.24075924075924077 0.0
hij  19.573926073926074 9.38061938061938e-05 0.0 0.3596403596403596 1.915284715284715 2.030969030969031 0.8831168831168831
ruim  4.869130869130869 1.7082917082917084e-05 0.0 0.0 0.2746253746253746 0.35664335664335667 0.35564435564435565
vijftien  2.375624375624376 6.5934065934065935e-06 0.0 0.0 0.10849150849150849 0.35564435564435565 0.25274725274725274
jaar  7.030969030969031 3.0869130869130866e-05 0.0 0.0 0.5812187812187811 0.8411588411588412 0.5854145854145855
ouder  2.4155844155844157 6.5934065934065935e-06 0.0 0.0 0.11678321678321679 0.2777222777222777 0.0
dan  0.0 0.0 0.0 0.0 0.0 0.0 0.0
ik,  4.998001998001998 2.007992007992008e-05 0.0 0.0 0.22827172827172826 0.3356643356643357 0.4065934065934066
hoewel  4.899100899100899 3.006993006993007e-05 0.0 0.0 0.2798201798201798 0.48951048951048953 0.0
je  11.248421578421578 4.375624375624375e-05 7.792207792207792e-06 0.43346653346653347 1.8935064935064936 1.3506493506493507 0.5024975024975025
zijn  19.092907092907094 9.38061938061938e-05 0.0 0.0 2.292307692307692 1.7582417582417582 0.17382617382617382
vijfenveertig  2.5874125874125875 1.3186813186813187e-05 0.0 0.0 0.17222777222777225 0.5804195804195804 0.3126873126873127
nauwelijks  2.4415584415584415 6.5934065934065935e-06 0.0 0.0 0.16393606393606394 0.08691308691308691 0.14085914085914086
aanzag.  2.5074925074925076 6.5934065934065935e-06 0.0 0.0 0.17462537462537464 0.14085914085914086 0.0
maar  14.563936063936064 6.453546453546454e-05 0.0 0.0 1.2064935064935065 1.046953046953047 0.8161838161838162
jongen  0.0 0.0 0.0 0.0 0.0 0.0 0.0
dikwijls  0.0 0.0 0.0 0.0 0.0 0.0 0.0
gelogeerd  2.3486513486513485 6.5934065934065935e-06 0.0 0.0 0.16893106893106893 0.48451548451548454 0.0
styles,  2.6033966033966034 6.5934065934065935e-06 0.0 0.0 0.23526473526473526 0.34865134865134867 0.18681318681318682
landgoed  2.4485514485514486 6.5934065934065935e-06 0.0 0.0 0.23336663336663335 0.36663336663336665 0.2997002997002997
moeder  4.699300699300699 1.3186813186813187e-05 0.0 0.0 0.5993006993006993 0.4275724275724276 0.0
essex.  2.5507792207792206 1.968031968031968e-05 0.0 0.22367632367632367 0.22367632367632367 0.4835164835164835 0.0
praatten  2.5004995004995005 6.5934065934065935e-06 0.0 0.0 0.23036963036963037 0.23576423576423577 0.0
tijd  7.315184815184815 2.7372627372627375e-05 0.0 0.0 0.9185814185814186 0.5354645354645354 0.3516483516483517
over  2.5664335664335662 7.792207792207792e-06 0.0 0.0 0.3084915084915085 0.11588411588411589 0.0
vroeger,  2.6663336663336663 1.3186813186813187e-05 0.0 0.0 0.2967032967032967 0.3176823176823177 0.0
eind  2.4395604395604398 1.3186813186813187e-05 0.0 0.0 0.2892107892107892 0.4325674325674326 0.0
liedje  0.0 0.0 0.0 0.0 0.0 0.0 0.0
mij  0.0 0.0 0.0 0.0 0.0 0.0 0.0
uitnodigde  2.4795204795204797 1.3186813186813187e-05 0.0 0.0 0.30509490509490506 0.4075924075924076 0.0
verlof  2.4385614385614387 6.5934065934065935e-06 0.0 0.0 0.30999000999001 0.27972027972027974 0.03996003996003996
brengen  2.4775224775224776 6.5934065934065935e-06 0.0 0.0 0.3585414585414585 0.24575424575424576 0.0
styles.  2.32967032967033 6.5934065934065935e-06 0.0 0.0 0.3618381618381618 0.5024975024975025 0.17482517482517482
erg  4.91008991008991 2.7172827172827175e-05 0.0 0.0 0.48181818181818176 0.4025974025974026 0.46353646353646355
leuk  2.248751248751249 6.5934065934065935e-06 0.0 0.0 0.3622377622377623 0.1998001998001998 0.18681318681318682
vinden  2.2927072927072927 6.5934065934065935e-06 0.0 0.0 0.36743256743256747 0.18681318681318682 0.0
weer  4.588411588411589 1.838161838161838e-05 0.0 0.0 0.747052947052947 0.45354645354645357 0.0
eens  2.675324675324675 1.048951048951049e-05 0.0 0.0 0.37662337662337664 0.12487512487512488 0.0
zien 2.271728271728272 6.5934065934065935e-06 0.0 0.0 0.3717282717282718 0.10789210789210789 0.13586413586413587
al  7.1075624375624376 2.617382617382617e-05 9.79020979020979e-06 0.5065934065934066 0.9863136863136863 1.1598401598401598 0.7922077922077922
jaren,  0.0 0.0 0.0 0.0 0.0 0.0 0.0
voegde  2.3376623376623376 6.5934065934065935e-06 0.0 0.0 0.43716283716283716 0.21178821178821178 0.0
eraan  4.611058941058941 1.638361638361638e-05 9.79020979020979e-06 0.5738261738261738 1.0062937062937063 0.46553446553446554 0.3806193806193806
toe.  0.0 0.0 0.0 0.0 0.0 0.0 0.0
met  13.72877122877123 6.0839160839160836e-05 0.0 0.0 2.2620379620379616 1.6223776223776223 0.22877122877122877
moeder?  2.172827172827173 6.5934065934065935e-06 0.0 0.0 0.4312687312687313 0.18181818181818182 0.1938061938061938
och,  2.1998001998001997 6.5934065934065935e-06 0.0 0.0 0.43736263736263736 0.1938061938061938 0.18981018981018982
jawel.  2.1913086913086914 6.5934065934065935e-06 0.0 0.0 0.4368631368631369 0.3646353646353646 0.0
weet  4.474525474525475 1.838161838161838e-05 0.0 0.0 0.9385614385614386 0.4035964035964036 0.0
ze  10.061938061938061 4.405594405594406e-05 0.0 0.0 0.849050949050949 1.085914085914086 0.45254745254745254
hertrouwd  2.2797202797202796 6.5934065934065935e-06 0.0 0.0 0.4972027972027972 0.18281718281718282 0.15384615384615385
is?  2.3626373626373627 6.5934065934065935e-06 0.0 0.0 0.4959040959040959 0.15384615384615385 0.0
vrees  2.3516483516483517 6.5934065934065935e-06 0.0 0.0 0.5002997002997003 0.16283716283716285 0.0
verbazing  4.721778221778222 1.4385614385614385e-05 0.0 0.0 0.7477522477522478 0.6523476523476524 0.2097902097902098
duidelijk  2.3486513486513485 6.5934065934065935e-06 0.0 0.0 0.5021978021978022 0.0979020979020979 0.06493506493506493
liet  4.941058941058941 2.1978021978021977e-05 0.0 0.0 0.7196803196803198 0.22277722277722278 0.33766233766233766
blijken.  2.423076923076923 1.3186813186813187e-05 0.0 0.0 0.5681318681318682 0.26073926073926074 0.1878121878121878
mevrouw  4.723276723276723 1.4385614385614385e-05 0.0 0.0 0.6888111888111889 0.5664335664335665 0.3676323676323676
cavendish,  2.388281718281718 6.5934065934065935e-06 0.0 0.56003996003996 0.56003996003996 0.21478521478521478 0.0
johns  2.292037962037962 6.5934065934065935e-06 6.5934065934065935e-06 0.5622377622377622 0.5622377622377622 0.17082917082917082 0.0
vader  2.2567432567432566 6.5934065934065935e-06 0.0 0.0 0.5635364635364636 0.18981018981018982 0.0
trouwde  2.2552447552447554 6.5934065934065935e-06 6.5934065934065935e-06 0.5668331668331668 0.6022977022977023 0.2007992007992008 0.26373626373626374
weduwnaar  2.267332667332667 6.5934065934065935e-06 1.3186813186813187e-05 0.5705294705294706 0.5794205794205795 0.5144855144855145 0.18081918081918083
twee  7.36963036963037 2.9370629370629365e-05 0.0 0.6387612387612387 1.1905094905094906 0.5534465534465535 0.0
zoons  2.37995004995005 6.5934065934065935e-06 6.5934065934065935e-06 0.6381618381618381 0.6381618381618381 0.13886113886113885 0.11188811188811189
had,  2.207792207792208 6.5934065934065935e-06 0.0 0.0 0.6157842157842157 0.11188811188811189 0.0
herinnering  2.2907092907092905 6.5934065934065935e-06 6.5934065934065935e-06 0.6298701298701299 0.6298701298701299 0.2517482517482518 0.0
knappe  2.2594105894105896 6.5934065934065935e-06 6.5934065934065935e-06 0.6318681318681318 0.6318681318681318 0.4905094905094905 0.0
vrouw  4.663336663336663 1.958041958041958e-05 0.0 0.0 0.9152847152847153 0.3756243756243756 0.25074925074925075
middelbare  2.2294405594405595 6.5934065934065935e-06 0.0 0.6285714285714287 0.6285714285714287 0.5564435564435565 0.14485514485514486
leeftijd.  2.2857142857142856 1.3186813186813187e-05 0.0 0.0 0.7003996003996005 0.26873126873126874 0.0
moest  2.826173826173826 1.5384615384615384e-05 0.0 0.0 0.11268731268731269 0.28471528471528473 0.0
z'n  2.7142857142857144 1.5384615384615384e-05 0.0 0.0 0.11308691308691309 0.3126873126873127 0.13186813186813187
minst  2.6163836163836165 1.5384615384615384e-05 0.0 0.0 0.1162837162837163 0.13186813186813187 0.16883116883116883
zeventig  2.664335664335664 1.5384615384615384e-05 0.0 0.0 0.11298701298701298 0.5704295704295704 0.1848151848151848
zijn.  2.5574425574425574 1.5384615384615384e-05 0.0 0.0 0.12007992007992008 0.1848151848151848 0.0
herinnerde  2.5144855144855143 1.5384615384615384e-05 0.0 0.0 0.11848151848151847 0.2817182817182817 0.0
me  2.231768231768232 1.3486513486513486e-05 0.0 0.0 0.24005994005994008 0.24675324675324675 0.36163836163836166
haar  12.299200799200799 6.363636363636364e-05 0.0 0.0 0.6982017982017983 1.6883116883116882 0.34665334665334663
energieke,  2.6953046953046953 1.5384615384615384e-05 0.0 0.0 0.1037962037962038 0.17682317682317683 0.2897102897102897
dominerende  2.7797202797202796 3.076923076923077e-05 0.0 0.0 0.1769230769230769 0.5064935064935064 0.24375624375624375
persoonlijkheid,  2.4925074925074924 1.5384615384615384e-05 0.0 0.0 0.14475524475524476 0.24375624375624375 0.0
zich  4.981018981018981 2.6473526473526476e-05 0.0 0.0 0.4734265734265734 0.29270729270729273 0.2677322677322677
ook  2.5124875124875126 1.5384615384615384e-05 0.0 0.0 0.17062937062937064 0.2677322677322677 0.0
liefdadig  2.4875124875124874 1.5384615384615384e-05 0.0 0.0 0.16553446553446552 0.38161838161838163 0.0
maatschappelijk  2.6343656343656345 3.076923076923077e-05 0.0 0.0 0.17742257742257742 0.4775224775224775 0.2827172827172827
terrein  2.6543456543456543 1.5384615384615384e-05 0.0 0.0 0.177022977022977 0.2827172827172827 0.0
gelden,  2.615884115884116 1.5384615384615384e-05 0.0 0.0 0.23296703296703294 0.4095904095904096 0.0
graag  4.95004995004995 2.3176823176823174e-05 0.0 0.0 0.3494505494505495 0.3336663336663337 0.3756243756243756
bazaars  2.5024975024975027 3.076923076923077e-05 1.5384615384615384e-05 0.23476523476523475 0.23396603396603396 0.6003996003996004 0.4975024975024975
opende  2.4525474525474524 3.076923076923077e-05 0.0 0.0 0.23606393606393608 0.5404595404595405 0.0
weldoenster  2.3456543456543457 3.076923076923077e-05 0.0 0.0 0.23536463536463537 0.5084915084915085 0.23276723276723277
speelde.  2.3346653346653348 1.5384615384615384e-05 0.0 0.0 0.23766233766233766 0.23276723276723277 0.0
vrijgevig  2.5814185814185815 1.5384615384615384e-05 0.0 0.0 0.30659340659340656 0.3276723276723277 0.0
bezat  2.4565434565434567 1.5384615384615384e-05 0.0 0.0 0.304995004995005 0.1998001998001998 0.0
aanzienlijk  2.4895104895104896 3.076923076923077e-05 0.0 0.304995004995005 0.3118881118881119 0.2217782217782218 0.23676323676323677
eigen  9.24875124875125 4.405594405594406e-05 0.0 0.0 1.3041958041958042 0.7302697302697303 0.14285714285714285
vermogen.  2.510989010989011 1.5384615384615384e-05 0.0 0.0 0.31278721278721283 0.3046953046953047 0.18081918081918083
begin  4.626873126873127 2.5874125874125874e-05 0.0 0.0 0.537862137862138 0.4855144855144855 0.0
hun  6.974525474525475 3.4965034965034965e-05 0.0 0.0 1.04005994005994 0.6873126873126874 0.2987012987012987
trouwen  2.524975024975025 1.5384615384615384e-05 0.0 0.0 0.36543456543456543 0.1838161838161838 0.0
buitenhuis,  2.4502197802197805 3.076923076923077e-05 0.0 0.37212787212787213 0.37212787212787213 0.5144855144855145 0.17882117882117882
styles  12.367732267732269 0.00012147852147852148 1.3486513486513486e-05 0.2867132867132867 1.0672327672327673 2.067932067932068 0.8871128871128872
court,  2.3486513486513485 1.5384615384615384e-05 0.0 0.0 0.3704295704295704 0.37662337662337664 0.2897102897102897
gekocht.  2.311688311688312 1.5384615384615384e-05 0.0 0.0 0.369030969030969 0.2897102897102897 0.0
zo  7.503496503496503 3.376623376623377e-05 0.0 0.0 0.8675324675324676 0.8151848151848152 0.1798201798201798
geheel  2.716283716283716 9.79020979020979e-06 0.0 0.0 0.11918081918081917 0.24275724275724275 0.0
onder  2.5594405594405596 9.79020979020979e-06 0.0 0.0 0.12227772227772228 0.15384615384615385 0.3276723276723277
invloed  0.0 0.0 0.0 0.0 0.0 0.0 0.0
vrouw,  0.0 0.0 0.0 0.0 0.0 0.0 0.0
dood  2.5934065934065935 9.79020979020979e-06 0.0 0.0 0.17432567432567433 0.22677322677322678 0.0
naliet  2.557942057942058 9.79020979020979e-06 0.0 0.0 0.17522477522477523 0.33166833166833165 0.0
duur  2.6393606393606395 9.79020979020979e-06 0.0 0.0 0.18001998001998 0.32967032967032966 0.0
leven,  0.0 0.0 0.0 0.0 0.0 0.0 0.0
evenals  2.6093906093906094 9.79020979020979e-06 0.0 0.0 0.1949050949050949 0.07692307692307693 0.0
grootste  2.513986013986014 9.79020979020979e-06 0.0 0.0 0.17672327672327673 0.15184815184815184 0.18281718281718282
deel  2.4775224775224776 9.79020979020979e-06 0.0 0.0 0.17872127872127871 0.18281718281718282 0.08491508491508491
kapitaal,  2.5094905094905093 9.79020979020979e-06 0.0 0.0 0.23196803196803195 0.12287712287712288 0.0
schikking  2.4735264735264737 9.79020979020979e-06 0.0 0.0 0.23776223776223776 0.3036963036963037 0.0
uitgesproken  2.4103896103896107 1.958041958041958e-05 9.79020979020979e-06 0.23886113886113886 0.24405594405594408 0.4035964035964036 0.23976023976023977
oneerlijk  2.410589410589411 9.79020979020979e-06 9.79020979020979e-06 0.24815184815184815 0.24815184815184815 0.948051948051948 0.0
ten  2.4435564435564436 9.79020979020979e-06 0.0 0.0 0.24735264735264734 0.3086913086913087 0.1108891108891109
opzichte  2.3806193806193807 9.79020979020979e-06 0.0 0.0 0.24265734265734265 0.1108891108891109 0.0
zoons.  2.4385614385614387 9.79020979020979e-06 0.0 0.0 0.3094905094905095 0.14185814185814186 0.0
stiefmoeder  2.3746253746253747 9.79020979020979e-06 0.0 0.0 0.3016983016983017 0.2987012987012987 0.20279720279720279
echt  2.3136863136863135 9.79020979020979e-06 0.0 0.0 0.3051948051948052 0.3096903096903097 0.0
wel  4.631368631368631 2.2877122877122876e-05 0.0 0.0 0.612987012987013 0.6323676323676324 0.0
gezorgd  2.28971028971029 9.79020979020979e-06 0.0 0.0 0.30439560439560437 0.15184815184815184 0.0
niets  2.2337662337662336 9.79020979020979e-06 0.0 0.0 0.30159840159840157 0.16783216783216784 0.0
tekort  0.0 0.0 0.0 0.0 0.0 0.0 0.0
kwamen;  2.292207792207792 1.958041958041958e-05 0.0 0.0 0.37232767232767233 0.28771228771228774 0.0
zij  4.383116883116883 3.066933066933067e-05 0.0 0.0 0.6715284715284716 0.41358641358641357 0.0
waren  2.1818181818181817 9.79020979020979e-06 0.0 0.0 0.36873126873126877 0.21578421578421578 0.18081918081918083
trouwens  2.114885114885115 9.79020979020979e-06 0.0 0.0 0.3665334665334665 0.18081918081918083 0.0
jong  2.257242757242757 7.792207792207792e-06 0.0 0.0 0.6266733266733266 0.5194805194805194 0.0
hertrouwde,  2.137862137862138 9.79020979020979e-06 0.0 0.0 0.3637362637362638 0.25874125874125875 0.0
beschouwden.  2.1693306693306695 1.958041958041958e-05 0.0 0.0 0.4238761238761239 0.45254745254745254 0.1018981018981019
lawrence,  2.2274425574425574 2.937062937062937e-05 0.0 0.42857142857142855 0.42857142857142855 0.3246753246753247 0.0
jongste,  2.213786213786214 9.79020979020979e-06 0.0 0.0 0.4288711288711289 0.2057942057942058 0.0
kind  2.114885114885115 9.79020979020979e-06 0.0 0.0 0.4266733266733267 0.4085914085914086 0.21178821178821178
gezondheid  2.2977022977022976 9.79020979020979e-06 0.0 0.0 0.4978021978021978 0.17382617382617382 0.11888111888111888
gesukkeld.  2.2007992007992008 9.79020979020979e-06 0.0 0.0 0.495004995004995 0.11888111888111888 0.0
arts  2.2647352647352648 9.79020979020979e-06 0.0 0.0 0.4859140859140859 0.24475524475524477 0.16783216783216784
geworden,  2.2647352647352648 9.79020979020979e-06 0.0 0.0 0.4922077922077922 0.16783216783216784 0.0
spoedig  2.247752247752248 9.79020979020979e-06 0.0 0.0 0.5020979020979022 0.2007992007992008 0.0
doktersberoep  2.3343756243756246 2.937062937062937e-05 9.79020979020979e-06 0.5776223776223777 0.5656343656343656 0.47652347652347654 0.1968031968031968
gegeven.  2.2967032967032965 9.79020979020979e-06 0.0 0.0 0.5714285714285714 0.4905094905094905 0.0
woonde  2.5004995004995005 1.2987012987012986e-05 0.0 0.0 0.11828171828171828 0.15684315684315683 0.0
thuis  2.7762237762237763 1.2987012987012986e-05 0.0 0.0 0.11798201798201798 0.2037962037962038 0.0
letterkundige  2.4975024975024973 2.5974025974025972e-05 0.0 0.12197802197802197 0.12197802197802197 0.4095904095904096 0.3646353646353646
aspiraties;  2.4635364635364634 1.2987012987012986e-05 0.0 0.0 0.11798201798201798 0.3646353646353646 0.0
gedichten  2.4925074925074924 2.5974025974025972e-05 0.0 0.0 0.12157842157842158 0.3306693306693307 0.20679320679320679
hadden  2.4535464535464535 1.2987012987012986e-05 0.0 0.0 0.10809190809190809 0.20679320679320679 0.1848151848151848
echter  2.4685314685314683 1.2987012987012986e-05 0.0 0.0 0.10469530469530469 0.1848151848151848 0.0
enig  2.4115884115884114 1.2987012987012986e-05 0.0 0.0 0.17082917082917082 0.21478521478521478 0.0
noemenswaardig  2.3996003996003994 1.2987012987012986e-05 1.2987012987012986e-05 0.1978021978021978 0.1978021978021978 0.35064935064935066 0.38461538461538464
succes.  2.4345654345654344 1.2987012987012986e-05 0.0 0.0 0.17782217782217782 0.38461538461538464 0.0
advocaat  2.56993006993007 2.5974025974025972e-05 0.0 0.0 0.18221778221778223 0.3956043956043956 0.0
geweest,  0.0 0.0 0.0 0.0 0.0 0.0 0.0
uiteindelijk  2.306693306693307 1.2987012987012986e-05 0.0 0.0 0.23216783216783218 0.21178821178821178 0.0
gekozen  2.368131868131868 1.2987012987012986e-05 0.0 0.0 0.24255744255744258 0.33166833166833165 0.0
leven  2.301698301698302 1.5484515484515485e-05 0.0 0.0 0.42927072927072923 0.25374625374625376 0.0
landjonker.  2.4643356643356644 6.483516483516483e-05 0.0 0.24015984015984015 0.24755244755244757 1.2187812187812188 0.18281718281718282
geleden  5.0 2.4075924075924076e-05 0.0 0.0 0.4891108891108891 0.42357642357642356 0.7432567432567433
getrouwd  2.6263736263736264 1.2987012987012986e-05 0.0 0.0 0.3042957042957043 0.15984015984015984 0.0
komen  0.0 0.0 0.0 0.0 0.0 0.0 0.0
wonen,  2.2157842157842156 1.2987012987012986e-05 0.0 0.0 0.3037962037962038 0.2947052947052947 0.0
stil  2.2287712287712287 1.2987012987012986e-05 0.0 0.0 0.2981018981018981 0.1878121878121878 0.1958041958041958
vermoeden  2.212787212787213 2.5974025974025972e-05 0.0 0.0 0.30809190809190806 0.27372627372627373 0.0
liever  0.0 0.0 0.0 0.0 0.0 0.0 0.0
grotere  2.2322677322677325 1.2987012987012986e-05 0.0 0.0 0.35714285714285715 0.20679320679320679 0.11288711288711288
toelage  2.2357642357642358 1.2987012987012986e-05 0.0 0.0 0.3639360639360639 0.11288711288711288 0.0
gehad,  2.1868131868131866 1.2987012987012986e-05 0.0 0.0 0.36743256743256747 0.14085914085914086 0.15284715284715283
staat  2.3376623376623376 1.2987012987012986e-05 0.0 0.0 0.43676323676323675 0.22977022977022976 0.0
stellen  2.2347652347652347 1.2987012987012986e-05 0.0 0.0 0.43676323676323675 0.18581418581418582 0.0
zichzelf  2.2082917082917084 1.2987012987012986e-05 0.0 0.0 0.43236763236763237 0.24275724275724275 0.17682317682317683
wonen.  0.0 0.0 0.0 0.0 0.0 0.0 0.0
iemand  2.3926073926073927 7.792207792207792e-06 0.0 0.0 0.11758241758241758 0.16183816183816183 0.0
zin  0.0 0.0 0.0 0.0 0.0 0.0 0.0
deed  2.3736263736263736 7.792207792207792e-06 0.0 0.0 0.11618381618381618 0.2837162837162837 0.0
andere  6.891108891108891 2.877122877122877e-05 0.0 0.0 0.7128871128871128 0.8151848151848152 0.11988011988011989
mensen  2.5744255744255744 7.792207792207792e-06 0.0 0.0 0.17362637362637365 0.15384615384615385 0.0
verlangde  2.533966033966034 7.792207792207792e-06 0.0 0.0 0.17182817182817184 0.35764235764235763 0.0
ernaar  2.5414585414585416 1.5484515484515485e-05 0.0 0.0 0.1839160839160839 0.3276723276723277 0.2087912087912088
schikten,  2.5904095904095903 7.792207792207792e-06 0.0 0.0 0.18421578421578422 0.2087912087912088 0.0
dit  0.0 0.0 0.0 0.0 0.0 0.0 0.0
geval  2.6203796203796204 7.792207792207792e-06 0.0 0.0 0.18291708291708292 0.2727272727272727 0.13086913086913088
hield  2.5719280719280717 7.792207792207792e-06 0.0 0.0 0.17492507492507492 0.13086913086913088 0.0
zeker  2.565934065934066 7.792207792207792e-06 0.0 0.0 0.17812187812187813 0.1848151848151848 0.0
touwtjes  2.7602397602397604 1.5484515484515485e-05 0.0 0.0 0.24205794205794207 0.2947052947052947 0.0
handen,  0.0 0.0 0.0 0.0 0.0 0.0 0.0
namelijk:  2.5587712287712288 1.5484515484515485e-05 0.0 0.2649350649350649 0.2649350649350649 0.44555444555444557 0.0
koorden  2.583416583416583 7.792207792207792e-06 0.0 0.0 0.24555444555444556 0.1878121878121878 0.0
beurs.  2.4875124875124874 7.792207792207792e-06 0.0 0.0 0.24745254745254744 0.1998001998001998 0.17682317682317683
zag  2.3596403596403595 1.048951048951049e-05 0.0 0.0 0.3107892107892108 0.24875124875124874 0.0
nieuws  2.6003996003996006 7.792207792207792e-06 0.0 0.0 0.3031968031968032 0.17682317682317683 0.0
moeders  2.2587412587412588 7.792207792207792e-06 0.0 0.0 0.30639360639360635 0.24075924075924077 0.0
huwelijk  2.2517482517482517 7.792207792207792e-06 0.0 0.0 0.30439560439560437 0.3116883116883117 0.0
glimlachte  2.3073626373626372 7.792207792207792e-06 0.0 0.3040959040959041 0.3040959040959041 0.45254745254745254 0.0
wrang.  2.395104895104895 1.5484515484515485e-05 0.0 0.0 0.3096903096903097 0.3946053946053946 0.0
misselijke  2.5864135864135864 7.792207792207792e-06 0.0 0.0 0.37222777222777226 0.11288711288711288 0.0
vent  7.327172827172827 3.066933066933067e-05 0.0 0.0 0.9867132867132867 0.6303696303696303 0.37962037962037964
ook!  2.3716283716283715 7.792207792207792e-06 0.0 0.0 0.3611388611388611 0.23876123876123875 0.0
zei  0.0 0.0 0.0 0.0 0.0 0.0 0.0
grimmig.  2.4345654345654344 7.792207792207792e-06 0.0 0.0 0.36273726273726276 0.23376623376623376 0.0
mag  0.0 0.0 0.0 0.0 0.0 0.0 0.0
best  2.4865134865134864 7.792207792207792e-06 0.0 0.0 0.369030969030969 0.2947052947052947 0.22677322677322678
weten,  2.4565434565434567 7.792207792207792e-06 0.0 0.0 0.3676323676323676 0.22677322677322678 0.3386613386613387
hastings,  2.3766233766233764 7.792207792207792e-06 0.0 0.0 0.3675324675324675 0.3386613386613387 0.0
ons  0.0 0.0 0.0 0.0 0.0 0.0 0.0
behoorlijk  2.3163536463536465 7.792207792207792e-06 7.792207792207792e-06 0.43096903096903094 0.43096903096903094 0.5234765234765235 0.18681318681318682
verpest.  2.25024975024975 7.792207792207792e-06 0.0 0.0 0.42077922077922075 0.3106893106893107 0.0
evie  2.2122877122877123 7.792207792207792e-06 0.0 0.0 0.4273726273726274 0.2627372627372627 0.31368631368631367
betreft,  2.174825174825175 7.792207792207792e-06 0.0 0.0 0.4275724275724276 0.31368631368631367 0.23176823176823177
herinner  2.1528471528471527 7.792207792207792e-06 7.792207792207792e-06 0.4341658341658342 0.4341658341658342 0.23176823176823177 0.0
evie?  2.1188811188811187 7.792207792207792e-06 0.0 0.0 0.4353646353646354 0.21078921078921078 0.16183816183816183
nee.  2.093906093906094 7.792207792207792e-06 0.0 0.0 0.43956043956043955 0.16183816183816183 0.31368631368631367
o,  2.0514485514485514 1.5484515484515485e-05 0.0 0.0 0.42947052947052944 0.45054945054945056 0.0
na  2.1201298701298703 7.792207792207792e-06 7.792207792207792e-06 0.4972027972027972 0.4995004995004995 0.7782217782217782 0.16883116883116883
jouw  2.158341658341658 7.792207792207792e-06 0.0 0.0 0.4914085914085914 0.4115884115884116 0.13986013986013987
zijn,  2.191808191808192 7.792207792207792e-06 0.0 0.0 0.4933066933066933 0.1968031968031968 0.0
denk  0.0 0.0 0.0 0.0 0.0 0.0 0.0
ik.  2.1888111888111887 7.792207792207792e-06 0.0 0.0 0.49040959040959037 0.2097902097902098 0.0
ma's  2.090909090909091 7.792207792207792e-06 0.0 0.0 0.4937062937062937 0.3956043956043956 0.0
factotum,  2.11021978021978 7.792207792207792e-06 0.0 0.4974025974025974 0.4974025974025974 0.8051948051948052 0.4065934065934066
gezelschapsdame,  2.103896103896104 1.5484515484515485e-05 0.0 0.0 0.5057942057942058 0.5524475524475524 0.2177822177822178
nou  4.3546453546453545 1.5584415584415583e-05 0.0 0.0 1.087012987012987 0.36663336663336665 0.0
ja,  2.798201798201798 1.1788211788211788e-05 0.0 0.0 0.12847152847152846 0.2177822177822178 0.0
zo'n  2.1658341658341658 7.792207792207792e-06 0.0 0.0 0.5814185814185814 0.12487512487512488 0.0
beetje  2.213786213786214 7.792207792207792e-06 0.0 0.0 0.5696303696303697 0.20679320679320679 0.0
manusje  2.160839160839161 7.792207792207792e-06 0.0 0.0 0.5687312687312687 0.22277722277722278 0.0
alles!  2.195804195804196 7.792207792207792e-06 0.0 0.0 0.5666333666333667 0.21478521478521478 0.0
flink  2.1588411588411587 7.792207792207792e-06 0.0 0.0 0.5428571428571428 0.16683316683316685 0.1068931068931069
mens 2.184815184815185 7.792207792207792e-06 0.0 0.0 0.5626373626373626 0.1068931068931069 0.28771228771228774
beste  2.1345354645354644 1.5484515484515485e-05 0.0 0.5633366633366633 0.5633366633366633 0.5404595404595405 0.2627372627372627
evie!  2.1588411588411587 7.792207792207792e-06 0.0 0.0 0.5571428571428572 0.5634365634365635 0.0
niet  7.090909090909091 3.006993006993007e-05 1.1788211788211788e-05 0.24725274725274726 1.1262737262737263 0.7792207792207793 0.0
direct  2.2062937062937062 7.792207792207792e-06 0.0 0.0 0.6245754245754246 0.25674325674325676 0.0
knap,  0.0 0.0 0.0 0.0 0.0 0.0 0.0
eentje  2.295704295704296 1.5484515484515485e-05 0.0 0.0 0.6234765234765235 0.32667332667332666 0.0
waar  0.0 0.0 0.0 0.0 0.0 0.0 0.0
kunt.  0.0 0.0 0.0 0.0 0.0 0.0 0.0
wou  2.7532467532467533 1.1788211788211788e-05 0.0 0.0 0.11438561438561438 0.1848151848151848 0.0
zeggen?  2.831168831168831 1.1788211788211788e-05 0.0 0.0 0.12117882117882117 0.1918081918081918 0.0
o  0.0 0.0 0.0 0.0 0.0 0.0 0.0
vent!  0.0 0.0 0.0 0.0 0.0 0.0 0.0
kwam  5.403596403596404 2.5274725274725276e-05 0.0 0.0 0.24295704295704296 0.48151848151848153 0.1798201798201798
uit  2.653346653346653 1.1788211788211788e-05 0.0 0.0 0.11118881118881119 0.1798201798201798 0.2217782217782218
opdagen  2.8111888111888113 2.3476523476523478e-05 0.0 0.0 0.1839160839160839 0.3856143856143856 0.0
smoesje  0.0 0.0 0.0 0.0 0.0 0.0 0.0
achterneef  2.340659340659341 1.1788211788211788e-05 0.0 0.0 0.17792207792207793 0.32667332667332666 0.0
zoiets  2.28971028971029 1.1788211788211788e-05 0.0 0.0 0.17932067932067933 0.2867132867132867 0.0
evie,  0.0 0.0 0.0 0.0 0.0 0.0 0.0
gesteld  0.0 0.0 0.0 0.0 0.0 0.0 0.0
leek  2.2927072927072927 1.048951048951049e-05 0.0 0.0 0.2996003996003996 0.1968031968031968 0.0
verwantschap  2.3516483516483517 1.1788211788211788e-05 0.0 0.0 0.24265734265734265 0.2057942057942058 0.0
erkennen.  2.3736263736263736 1.1788211788211788e-05 0.0 0.0 0.25014985014985014 0.14285714285714285 0.13886113886113885
iedereen  2.38011988011988 2.3476523476523478e-05 0.0 0.0 0.24045954045954046 0.27172827172827174 0.0
kan  2.364635364635365 1.1788211788211788e-05 0.0 0.0 0.25924075924075923 0.3086913086913087 0.0
zien  2.370629370629371 2.3476523476523478e-05 0.0 0.25074925074925075 0.25074925074925075 0.4045954045954046 0.0
helemaal  2.4432267732267734 1.1788211788211788e-05 1.1788211788211788e-05 0.30779220779220784 0.30779220779220784 0.4675324675324675 0.0
toon  0.0 0.0 0.0 0.0 0.0 0.0 0.0
valt.  2.4725274725274726 1.1788211788211788e-05 0.0 0.0 0.3111888111888112 0.18081918081918083 0.0
heeft  2.3746253746253747 1.1788211788211788e-05 0.0 0.0 0.31128871128871133 0.2057942057942058 0.0
pikzwarte  2.346653346653347 1.1788211788211788e-05 0.0 0.0 0.3055944055944056 0.16583416583416583 0.3306693306693307
baard  2.323676323676324 2.3476523476523478e-05 0.0 0.0 0.3098901098901099 0.4405594405594406 0.0
draagt  2.3096903096903096 1.1788211788211788e-05 0.0 0.0 0.315984015984016 0.16183816183816183 0.14785214785214784
lakschoenen,  2.3916083916083917 2.3476523476523478e-05 0.0 0.0 0.38031968031968033 0.38961038961038963 0.18081918081918083
weer!  0.0 0.0 0.0 0.0 0.0 0.0 0.0
ma  2.2047952047952046 1.1788211788211788e-05 0.0 0.0 0.3683316683316683 0.3036963036963037 0.0
meteen  2.1948051948051948 1.1788211788211788e-05 0.0 0.0 0.3675324675324675 0.1978021978021978 0.21078921078921078
heel  2.138861138861139 1.1788211788211788e-05 0.0 0.0 0.3689310689310689 0.21078921078921078 0.26373626373626374
veel  2.0899100899100898 3.5264735264735266e-05 0.0 0.3626373626373626 0.3626373626373626 0.5114885114885115 0.24475524475524477
nam  2.161838161838162 1.1788211788211788e-05 0.0 0.0 0.3799200799200799 0.16683316683316685 0.0
dienst  2.3026973026973026 1.1788211788211788e-05 0.0 0.0 0.43356643356643354 0.12387612387612387 0.0
secretaris 2.177822177822178 2.3476523476523478e-05 0.0 0.0 0.43846153846153846 0.5874125874125874 0.15184815184815184
toch  0.0 0.0 0.0 0.0 0.0 0.0 0.0
altijd  2.180819180819181 1.1788211788211788e-05 0.0 0.0 0.43376623376623374 0.3246753246753247 0.0
honderd  2.150849150849151 2.3476523476523478e-05 0.0 0.0 0.43876123876123874 0.37462537462537465 0.13586413586413587
verenigingen  2.3226773226773227 2.3476523476523478e-05 0.0 0.0 0.5021978021978022 0.46053946053946054 0.3206793206793207
leidde?  2.1853146853146854 2.3476523476523478e-05 0.0 0.0 0.5 0.45754245754245754 0.0
knikte.  2.384115884115884 1.108891108891109e-05 0.0 0.0 0.12517482517482517 0.2787212787212787 0.2177822177822178
oorlog  2.4205794205794207 1.108891108891109e-05 1.108891108891109e-05 0.11448551448551449 0.11448551448551449 0.27372627372627373 0.17382617382617382
honderden  2.321178821178821 2.217782217782218e-05 0.0 0.0 0.11398601398601398 0.42957042957042957 0.0
duizenden.  2.3171828171828173 2.217782217782218e-05 0.0 0.0 0.0935064935064935 0.3626373626373626 0.16383616383616384
wonder  2.4085914085914086 2.217782217782218e-05 0.0 0.0 0.1889110889110889 0.3436563436563437 0.18081918081918083
kerel  0.0 0.0 0.0 0.0 0.0 0.0 0.0
pas  0.0 0.0 0.0 0.0 0.0 0.0 0.0
kwam!  0.0 0.0 0.0 0.0 0.0 0.0 0.0
snapt  2.4335664335664338 1.108891108891109e-05 0.0 0.0 0.1755244755244755 0.1848151848151848 0.32367632367632365
klap  2.3776223776223775 1.108891108891109e-05 0.0 0.0 0.17792207792207793 0.11888111888111888 0.0
gezicht  2.4785214785214786 1.108891108891109e-05 0.0 0.0 0.24495504495504494 0.15684315684315683 0.0
was,  2.3726273726273726 1.108891108891109e-05 0.0 0.0 0.23886113886113886 0.15484515484515485 0.0
drie  2.5214785214785214 1.3486513486513486e-05 0.0 0.0 0.11688311688311688 0.1928071928071928 0.0
plotseling  4.8081918081918085 2.157842157842158e-05 0.0 0.0 0.665934065934066 0.4865134865134865 0.2727272727272727
aankondigde  2.4775224775224776 1.108891108891109e-05 0.0 0.0 0.25054945054945055 0.2727272727272727 0.10589410589410589
alfred  2.4375624375624376 1.108891108891109e-05 0.0 0.0 0.3146853146853147 0.2957042957042957 0.0
verloofd  2.2917082917082916 1.108891108891109e-05 0.0 0.0 0.29700299700299704 0.17782217782217782 0.17282717282717283
hadden!  2.2917082917082916 1.108891108891109e-05 0.0 0.0 0.3003996003996004 0.17282717282717283 0.0
minstens  2.277722277722278 1.108891108891109e-05 0.0 0.0 0.3048951048951049 0.2987012987012987 0.4745254745254745
twintig  2.25974025974026 1.108891108891109e-05 0.0 0.0 0.304995004995005 0.4745254745254745 0.13386613386613386
jonger  2.2357642357642358 1.108891108891109e-05 0.0 0.0 0.3060939060939061 0.22077922077922077 0.0
zij!  2.242757242757243 1.108891108891109e-05 0.0 0.0 0.381018981018981 0.21678321678321677 0.0
gewoon  2.1928071928071926 1.108891108891109e-05 0.0 0.0 0.3696303696303696 0.16583416583416583 0.0
onbeschaamde  2.2054645354645355 3.326673326673327e-05 0.0 0.3734265734265734 0.3734265734265734 0.6913086913086913 0.28771228771228774
fortuinzoeker;  2.224775224775225 1.108891108891109e-05 0.0 0.0 0.37022977022977027 0.28771228771228774 0.1088911088911089
wil  2.196803196803197 1.108891108891109e-05 0.0 0.0 0.368031968031968 0.17482517482517482 0.0
je 0.0 0.0 0.0 0.0 0.0 0.0 0.0
baas,  2.2117882117882117 1.108891108891109e-05 0.0 0.0 0.43356643356643354 0.1878121878121878 0.0
getrouwd.  0.0 0.0 0.0 0.0 0.0 0.0 0.0
moet  2.051948051948052 1.108891108891109e-05 0.0 0.0 0.4331668331668332 0.20679320679320679 0.0
jullie  2.0374625374625372 1.108891108891109e-05 0.0 0.0 0.43746253746253744 0.46653346653346656 0.0
moeilijke  2.102897102897103 1.108891108891109e-05 0.0 0.0 0.44305694305694304 0.11688311688311688 0.15184815184815184
situatie  2.1903096903096904 2.217782217782218e-05 0.0 0.0 0.5100899100899101 0.4065934065934066 0.0
moeilijk!  2.082917082917083 2.217782217782218e-05 0.0 0.0 0.5023976023976023 0.3836163836163836 0.0
onmogelijke  2.151178821178821 1.108891108891109e-05 0.0 0.5048951048951049 0.5048951048951049 0.11788211788211789 0.18681318681318682
situatie,  2.1333666333666335 1.108891108891109e-05 0.0 0.0 0.5007992007992008 0.3786213786213786 0.0
het!  0.0 0.0 0.0 0.0 0.0 0.0 0.0
dagen  0.0 0.0 0.0 0.0 0.0 0.0 0.0
later,  2.5854145854145854 1.3486513486513486e-05 0.0 0.0 0.12687312687312688 0.08891108891108891 0.0
trein  2.5464535464535465 1.3486513486513486e-05 0.0 0.0 0.12337662337662338 0.2017982017982018 0.3036963036963037
stapte  2.3916083916083917 1.3486513486513486e-05 0.0 0.0 0.11928071928071929 0.3036963036963037 0.0
st.  4.875794205794206 2.3976023976023978e-05 1.3486513486513486e-05 0.11238761238761238 0.22767232767232767 0.5104895104895105 0.5454545454545454
mary,  2.3726273726273726 1.3486513486513486e-05 0.0 0.0 0.11188811188811189 0.28771228771228774 0.2817182817182817
belachelijk  2.6298701298701297 2.6973026973026972e-05 0.0 0.0 0.15864135864135864 0.3116883116883117 0.0
klein  2.6233766233766236 1.3486513486513486e-05 0.0 0.0 0.16343656343656343 0.27472527472527475 0.21078921078921078
stationnetje  2.456043956043956 2.6973026973026972e-05 0.0 0.0 0.16983016983016982 0.3126873126873127 0.24575424575424576
zonder  2.274225774225774 1.3486513486513486e-05 0.0 0.0 0.1918081918081918 0.24575424575424576 0.0
duidelijke  2.3701298701298703 2.6973026973026972e-05 0.0 0.0 0.17172827172827174 0.5554445554445554 0.16883116883116883
bestaansgrond,  2.5457842157842157 4.0459540459540464e-05 0.0 0.17412587412587413 0.17412587412587413 0.5194805194805194 0.18581418581418582
gelegen  2.3956043956043955 1.3486513486513486e-05 0.0 0.0 0.17222777222777225 0.18581418581418582 0.0
temidden  2.4315684315684316 1.3486513486513486e-05 0.0 0.0 0.24685314685314685 0.33466533466533466 0.0
groene  2.312687312687313 1.3486513486513486e-05 0.0 0.0 0.24475524475524477 0.11288711288711288 0.23776223776223776
velden  2.4345654345654344 1.3486513486513486e-05 0.0 0.0 0.23366633366633366 0.23776223776223776 0.0
landweggetjes.  2.3606393606393605 1.3486513486513486e-05 0.0 0.0 0.23556443556443557 0.4885114885114885 0.23776223776223776
perron  2.2362637362637363 2.6973026973026972e-05 0.0 0.0 0.3061938061938062 0.3776223776223776 0.0
wachten  0.0 0.0 0.0 0.0 0.0 0.0 0.0
bracht  0.0 0.0 0.0 0.0 0.0 0.0 0.0
auto.  2.084915084915085 1.3486513486513486e-05 0.0 0.0 0.3044955044955045 0.1998001998001998 0.0
paar  2.174825174825175 2.6973026973026972e-05 0.0 0.0 0.3083916083916084 0.4695304695304695 0.13286713286713286
druppels  2.2082917082917084 2.6973026973026972e-05 0.0 0.0 0.37292707292707294 0.2947052947052947 0.2707292707292707
benzine,  2.113886113886114 1.3486513486513486e-05 0.0 0.0 0.36593406593406597 0.2707292707292707 0.0
je,  2.101898101898102 1.3486513486513486e-05 0.0 0.0 0.3637362637362638 0.2897102897102897 0.0
hij.  2.10989010989011 1.3486513486513486e-05 0.0 0.0 0.36283716283716283 0.13586413586413587 0.0
voornamelijk  2.1408591408591406 1.3486513486513486e-05 0.0 0.0 0.36743256743256747 0.45854145854145856 0.27672327672327673
danken  2.1768231768231767 1.3486513486513486e-05 0.0 0.0 0.3648351648351648 0.13586413586413587 0.14285714285714285
activiteiten  2.282717282717283 2.6973026973026972e-05 0.0 0.0 0.4414585414585414 0.36063936063936064 0.40559440559440557
ma.  0.0 0.0 0.0 0.0 0.0 0.0 0.0
dorp  3.0064935064935066 2.107892107892108e-05 0.0 0.0 0.13226773226773228 0.32967032967032966 0.1048951048951049
mary  2.5854145854145854 1.048951048951049e-05 0.0 0.0 0.11868131868131868 0.25774225774225773 0.0
lag  2.3966033966033966 1.048951048951049e-05 0.0 0.0 0.16983016983016982 0.23776223776223776 0.15084915084915085
ongeveer  2.584915084915085 2.107892107892108e-05 0.0 0.0 0.12447552447552447 0.5524475524475524 0.0
kilometer  5.0174825174825175 3.156843156843157e-05 0.0 0.0 0.2976023976023976 0.41358641358641357 0.0
stationnetje,  2.4635364635364634 1.048951048951049e-05 0.0 0.0 0.11818181818181818 0.16283716283716285 0.14485514485514486
court  2.4502197802197805 1.048951048951049e-05 1.048951048951049e-05 0.17632367632367632 0.17632367632367632 0.3116883116883117 0.23776223776223776
kant  0.0 0.0 0.0 0.0 0.0 0.0 0.0
op.  0.0 0.0 0.0 0.0 0.0 0.0 0.0
rustige,  2.3666333666333665 1.048951048951049e-05 0.0 0.0 0.1805194805194805 0.34465534465534464 0.3696303696303696
warme  2.4075924075924076 1.048951048951049e-05 0.0 0.0 0.17342657342657342 0.6293706293706294 0.0
dag  2.5844155844155843 1.048951048951049e-05 0.0 0.0 0.24945054945054945 0.08391608391608392 0.0
juli.  2.1758241758241756 1.048951048951049e-05 0.0 0.0 0.23406593406593407 0.1838161838161838 0.0
daar  2.3576423576423577 1.048951048951049e-05 0.0 0.0 0.24305694305694306 0.15784215784215785 0.0
vlakke  2.339160839160839 1.048951048951049e-05 0.0 0.0 0.24685314685314685 0.33666333666333664 0.17882117882117882
land  2.488011988011988 2.107892107892108e-05 0.0 0.0 0.24205794205794207 0.40559440559440557 0.0
essex  2.493006993006993 2.107892107892108e-05 0.0 0.0 0.24215784215784217 0.24575424575424576 0.0
groen  2.5314685314685317 1.048951048951049e-05 0.0 0.0 0.24735264735264734 0.18281718281718282 0.07792207792207792
vredig  2.550949050949051 2.107892107892108e-05 0.0 0.0 0.3183816183816184 0.3076923076923077 0.24875124875124874
liggen  0.0 0.0 0.0 0.0 0.0 0.0 0.0
middagzon,  2.276723276723277 1.048951048951049e-05 0.0 0.0 0.3060939060939061 0.3006993006993007 0.1968031968031968
bijna  2.2807192807192807 1.048951048951049e-05 0.0 0.0 0.298001998001998 0.2647352647352647 0.1848151848151848
onmogelijk  2.312687312687313 1.048951048951049e-05 0.0 0.0 0.3057942057942058 0.1848151848151848 0.0
geloven  2.278721278721279 2.107892107892108e-05 0.0 0.0 0.3131868131868132 0.2757242757242757 0.15084915084915085
dat,  2.253746253746254 1.048951048951049e-05 0.0 0.0 0.2996003996003996 0.15084915084915085 0.18281718281718282
ver  2.6843156843156843 1.048951048951049e-05 0.0 0.0 0.3754245754245754 0.17882117882117882 0.0
weg,  0.0 0.0 0.0 0.0 0.0 0.0 0.0
onafwendbaar  2.6633366633366635 1.048951048951049e-05 0.0 0.0 0.3783216783216783 0.5674325674325674 0.0
wereldoorlog  2.506993006993007 1.048951048951049e-05 0.0 0.0 0.36163836163836166 0.2937062937062937 0.2177822177822178
voort  2.5104895104895104 1.048951048951049e-05 0.0 0.0 0.355944055944056 0.2177822177822178 0.11388611388611389
woedde.  2.4755244755244754 1.048951048951049e-05 0.0 0.0 0.36343656343656344 0.11388611388611389 0.0
gevoel  2.2847152847152845 1.048951048951049e-05 0.0 0.0 0.36623376623376624 0.13886113886113885 0.0
terechtgekomen.  2.3086913086913086 1.048951048951049e-05 0.0 0.0 0.4210789210789211 0.23476523476523475 0.0
hek  0.0 0.0 0.0 0.0 0.0 0.0 0.0
portierswoning  2.3886113886113884 2.107892107892108e-05 0.0 0.4783216783216783 0.4783216783216783 0.6043956043956044 0.2947052947052947
indraaiden,  2.2697302697302697 1.048951048951049e-05 0.0 0.0 0.49960039960039965 0.2947052947052947 0.0
john:  2.221278721278721 2.107892107892108e-05 0.0 0.0 0.48511488511488515 0.27972027972027974 0.0
ben  2.225774225774226 1.048951048951049e-05 0.0 0.0 0.4913086913086913 0.2077922077922078 0.0
bang  0.0 0.0 0.0 0.0 0.0 0.0 0.0
hier  2.156843156843157 1.048951048951049e-05 0.0 0.0 0.498001998001998 0.26973026973026976 0.21578421578421578
