word WORD_AVERAGE_FIX_PUPIL_SIZE WORD_FIRST_RUN_FIXATION_% WORD_THIRD_RUN_FIXATION_% WORD_THIRD_FIXATION_Y WORD_LAST_FIXATION_Y WORD_SELECTIVE_GO_PAST_TIME WORD_SPILLOVER
de  0.4722717562103851 0.47679477882523563 0.0 0.0 0.2860832285945489 0.45530776092774305 0.4993581514762516
enorme  0.04970073624181218 0.054024655547498183 1.0 0.21879887394432285 0.019989325252664374 0.040499553969669935 0.17586649550706035
belangstelling  0.056674729426720104 0.054024655547498183 0.0 0.0 0.016941857061689707 0.048884924174843886 0.06867779204107831
die  0.315127385723618 0.34517766497461927 0.0 0.0 0.283621149773592 0.2865298840321142 0.0
het  1.0 1.0 0.4782608695652174 0.29840475445730374 1.0 1.0 1.0
publiek  0.05935839262698847 0.054024655547498183 0.0 0.0 0.019248979872936067 0.01694915254237288 0.14569961489088576
toonde  0.055209308073941976 0.054024655547498183 0.0 0.0 0.02024758526884867 0.040499553969669935 0.0
voor  0.12788008262857747 0.11131254532269759 0.0 0.0 0.1251355865084967 0.15700267618198036 0.0975609756097561
wat  0.22894118893342044 0.3281363306744017 0.0 0.0 0.20820922504777806 0.3364852809991079 0.28754813863928114
indertijd  0.050177439573438794 0.054024655547498183 0.0 0.0 0.019679413233243223 0.04692239072256913 0.13157894736842107
bekend  0.048941542046999416 0.054024655547498183 0.0 0.0 0.018422547821146325 0.036574487065120426 0.10975609756097561
stond  0.09755645403343985 0.08955765047135604 0.0 0.0 0.040374649196811344 0.06708296164139162 0.0
als  0.16944155087483886 0.1490210297316896 0.0 0.0 0.22067457516227326 0.23461195361284568 0.36906290115532736
zaak  0.09611751619908544 0.10587382160986221 0.0 0.0 0.06029510511182657 0.05958965209634255 0.282413350449294
styles',  0.04866787902328784 0.054024655547498183 0.0 0.0 0.030181987224737857 0.054415700267618196 0.06161745827984596
wordt  0.050883666731404154 0.10841189267585205 0.0 0.0 0.02827086310497408 0.04246208742194469 0.0
nu  0.0 0.0 0.0 0.0 0.0 0.0 0.0
minder.  0.0 0.0 0.0 0.0 0.0 0.0 0.0
niettemin  0.05054820883137061 0.054024655547498183 0.0 0.0 0.029458859179421832 0.055129348795718104 0.0
is  0.19210261480605237 0.18926758520667147 0.0 0.0 0.37602658356433244 0.20677966101694914 0.10654685494223363
mij,  0.04920637723123643 0.054024655547498183 0.0 0.0 0.029476076513834118 0.05352363960749331 0.15789473684210528
zowel  0.048817952294355475 0.054024655547498183 0.0 0.0 0.02957938052030784 0.043889384478144514 0.08279845956354301
door  0.1828598668761807 0.17222625090645394 0.22073578595317728 0.46121363778542385 0.13792806597682544 0.17752007136485282 0.0
mijn  0.17029785130387187 0.10007251631617112 0.0 0.0 0.28606601126013664 0.1407671721677074 0.39987163029525036
vriend  0.04880029661540635 0.054024655547498183 0.0 0.0 0.04049517053769734 0.049955396966993755 0.0
poirot  0.04914458235491446 0.054024655547498183 0.0 0.0 0.039358826466486446 0.07689562890276538 0.15917843388960207
betrokken  0.0978124613782023 0.10587382160986221 0.0 0.0 0.0710559391195055 0.06404995539696699 0.3189987163029525
familieleden,  0.04984198167340525 0.054024655547498183 0.0 0.0 0.04113221191095194 0.029081177520071364 0.13478818998716305
verzocht  0.049506523773371704 0.054024655547498183 0.0 0.0 0.04132160258948709 0.03746654772524532 0.0
een  0.37919984463002526 0.45649021029731685 0.0 0.0 0.3832750813519051 0.39375557537912576 0.641206675224647
verslag  0.047387842299475624 0.054024655547498183 0.0 0.0 0.04125273325183794 0.0576271186440678 0.06290115532734275
van  0.4998234432105087 0.4579405366207397 0.0 0.0 0.6523648008815273 0.5930419268510259 0.17394094993581516
hele  0.09251575769346211 0.10188542422044958 0.0 0.0 0.09271534581016165 0.16003568242640498 0.11039794608472402
gebeuren  0.0485707727890676 0.054024655547498183 0.0 0.0 0.051893045918630865 0.04174843889384478 0.0
te  0.1995797948410106 0.23930384336475707 0.0 0.0 0.2858766205816015 0.25084745762711863 0.08729139922978178
schrijven,  0.04662864810466286 0.054024655547498183 0.0 0.0 0.05080835385065684 0.012667261373773416 0.13029525032092426
gezien  0.0485178057522202 0.054024655547498183 0.0 0.0 0.049947487130042524 0.03621766280107047 0.13350449293966626
feit  0.0 0.0 0.0 0.0 0.0 0.0 0.0
dat  0.49929959921608785 0.4883973894126178 0.22073578595317728 0.7882389740381609 0.6897264165561886 0.5539696699375557 0.4608472400513479
er  0.13281484489486042 0.13705583756345177 0.0 0.0 0.11502901120848466 0.17395182872435325 0.10077021822849808
in  0.3157983015236851 0.29477882523567794 0.0 0.0 0.38764828429262577 0.3621766280107047 0.0
wereld  0.088154804993026 0.18491660623640316 0.0 0.0 0.12508393450525987 0.11454058876003569 0.0
grote  0.0 0.0 0.0 0.0 0.0 0.0 0.0
ruchtbaarheid  0.049016578682533236 0.21646120377084843 0.0 0.5756959649671568 0.06363526798781012 0.2360392506690455 0.0
aan  0.16569854693762248 0.1831036983321247 0.0 0.0 0.31316609562507525 0.1455842997323818 0.0
gegeven  0.04514557107293561 0.054024655547498183 0.0 0.0 0.06410013601694184 0.055486173059768065 0.0
is.  0.0 0.0 0.0 0.0 0.0 0.0 0.0
op  0.2505870513250587 0.22951414068165332 0.0 0.0 0.30033918148792194 0.24710080285459413 0.5237483953786907
deze  0.08410282667419974 0.07795503988397388 0.22073578595317728 0.8778542383484518 0.16640553709474695 0.10847457627118644 0.18934531450577666
manier  0.04362718268331008 0.054024655547498183 0.0 0.0 0.06248170658218692 0.0351471900089206 0.13671373555840824
hopen  0.043168135030632604 0.054024655547498183 0.0 0.0 0.06335979063721353 0.03800178412132025 0.10847240051347883
we  0.08167517081869383 0.09209572153734588 0.0 0.0 0.13679172190561453 0.07100802854594113 0.42618741976893454
voorgoed  0.04262080898320945 0.054024655547498183 0.0 0.0 0.06323926929632753 0.0512042818911686 0.0
einde  0.042550186267412915 0.054024655547498183 0.0 0.0 0.06363526798781012 0.037644959857270295 0.06739409499358152
maken  0.0 0.0 0.0 0.0 0.0 0.0 0.0
sensationele  0.0449866699623934 0.054024655547498183 0.0 0.0 0.073311409927515 0.03532560214094558 0.13286264441591786
geruchten  0.04309751231483607 0.054024655547498183 0.0 0.0 0.07527418605051564 0.03693131132917038 0.0
nog  0.0872190540087219 0.11022480058013051 0.0 0.0 0.12742549198533076 0.09099018733273861 0.0706033376123235
steeds  0.08150744186867705 0.15192168237853515 0.0 0.0 0.12670236394001477 0.08367528991971454 0.0
ronde  0.04359187132541182 0.054024655547498183 0.0 0.0 0.07429279798901532 0.03568242640499554 0.0
doen.  0.0 0.0 0.0 0.0 0.0 0.0 0.0
ik  0.3534843482406116 0.34263959390862936 0.0 0.0 0.3871489815946694 0.30312221231043707 0.17907573812580233
zal  0.03780080863009587 0.028281363306744012 0.0 0.0 0.08608667206143143 0.034433541480820694 0.0
daarom  0.05470612122389166 0.10369833212472805 0.0 0.0 0.019145675866462347 0.06297948260481713 0.0
kort  0.0 0.0 0.0 0.0 0.0 0.0 0.0
omstandigheden  0.05128974734723424 0.051849166062364026 0.0 0.0 0.02040254127855925 0.03104371097234612 0.17971758664955073
uiteenzetten  0.04987729303130352 0.051849166062364026 0.0 0.0 0.02191766670684044 0.049955396966993755 0.0
ertoe  0.046575681067815455 0.051849166062364026 0.0 0.0 0.0202131506000241 0.05209634255129349 0.21373555840821568
geleid  0.047449637175797595 0.10369833212472805 0.0 0.0 0.020901843976515552 0.06422836752899197 0.0
hebben  0.11372022811137202 0.14503263234227698 0.45150501672240806 0.5728808257741634 0.1764948950603467 0.12649420160570918 0.09050064184852376
bij  0.1347481417397906 0.1254532269760696 0.0 0.0 0.12262185568430294 0.09937555753791258 0.0
raakte.  0.049435901057575164 0.051849166062364026 0.0 0.0 0.03245467536715965 0.05958965209634255 0.0
was  0.295167640671622 0.27592458303118195 0.0 0.0 0.3491847592155781 0.3191793041926851 0.251604621309371
gewond  0.048279454086406895 0.051849166062364026 0.0 0.0 0.031903720665966494 0.04513826940231935 0.0
front  0.04525150514663041 0.051849166062364026 0.0 0.0 0.03093954993887845 0.037644959857270295 0.16174582798459566
naar  0.08398806476103039 0.1007976794778825 0.0 0.0 0.08507084933110654 0.11882247992863515 0.0
huis  0.045216193788732144 0.035532994923857864 0.0 0.0 0.030061465883851852 0.028010704727921495 0.0
gestuurd,  0.04989494871025265 0.051849166062364026 0.0 0.0 0.04312942270277715 0.04585191793041927 0.0
en  0.30531965606737405 0.2719361856417693 0.0 0.0 0.35150909936123675 0.22515611061552185 0.4473684210526316
nadat  0.0494005896996769 0.10369833212472805 0.0 0.0 0.03968595582031989 0.049598572702943794 0.0
enige  0.134954183513127 0.14793328498912253 0.43478260869565216 0.29340006255864876 0.10314905046400713 0.13327386262265833 0.26123234916559696
maanden  0.04634615724147672 0.051849166062364026 0.0 0.0 0.0408050825571185 0.032649420160570916 0.0
had  0.2964918165928071 0.2980420594633792 0.0 0.0 0.414731151323152 0.32988403211418377 0.46919127086007706
doorgebracht  0.046063666378290576 0.10369833212472805 0.0 0.0 0.041562645271259094 0.05780553077609277 0.0
nogal  0.17224880382775118 0.2026831036983321 0.0 0.0 0.24383188994679839 0.14112399643175735 0.3209242618741977
deprimerend  0.0457105527993079 0.051849166062364026 0.0 0.0 0.04049517053769734 0.07172167707404103 0.10397946084724005
herstellingsoord,  0.046734582178357666 0.2070340826686004 0.0 0.4635595871129184 0.05010244313975309 0.12578055307760927 0.13543003851091143
kreeg  0.0448807358886986 0.051849166062364026 0.0 0.0 0.05160035123362199 0.037644959857270295 0.0
maand  0.04493370292554601 0.051849166062364026 0.0 0.0 0.05099774452919197 0.05673505798394291 0.07894736842105264
ziekteverlof.  0.04346828157276788 0.051849166062364026 0.0 0.0 0.051893045918630865 0.021944692239072257 0.1264441591784339
aangezien  0.04325641342537827 0.051849166062364026 0.0 0.0 0.05034348582152509 0.0351471900089206 0.0
geen  0.1237839651123784 0.17730239303843362 0.0 0.0 0.13434686041906987 0.2146297948260482 0.26123234916559696
naaste  0.042585497625311185 0.051849166062364026 0.0 0.0 0.05244400061982402 0.04977698483496878 0.0
familie  0.045304472183477815 0.051849166062364026 0.0 0.0 0.06392796267281899 0.036039250669045494 0.0
of  0.0 0.0 0.0 0.0 0.0 0.0 0.0
vrienden  0.045286816504528676 0.051849166062364026 0.0 0.0 0.06215457722835349 0.021944692239072257 0.16238767650834404
heb,  0.04362718268331008 0.051849166062364026 0.0 0.0 0.06263666259189751 0.04513826940231935 0.0
overleggen  0.0439979519412419 0.051849166062364026 0.0 0.0 0.06444448270518756 0.04638715432649419 0.0
zou  0.0852416179664189 0.09898477157360404 0.0 0.0 0.13789363130800086 0.11561106155218553 0.2086007702182285
gaan  0.04357421564646268 0.051849166062364026 0.0 0.0 0.06518482808491588 0.024799286351471897 0.09563543003851092
doen,  0.04362718268331008 0.051849166062364026 0.0 0.0 0.0651503934160913 0.026583407671721678 0.0
toen  0.041711541517329045 0.023930384336475704 0.0 0.0 0.09841428350062842 0.047100802854594115 0.20154043645699615
john  0.12884231713130528 0.12907904278462654 0.0 0.0 0.15702208984005092 0.15289919714540587 0.32862644415917847
cavendish  0.17111884037500663 0.18491660623640316 0.0 0.6756334063184236 0.18835763847041198 0.15093666369313113 0.15982028241335045
tegen  0.04210879429368456 0.051849166062364026 0.0 0.0 0.07425836332019074 0.044424620874219445 0.0
t  0.04209113861473543 0.04024655547498187 0.0 0.0 0.030509116578571294 0.016770740410347904 0.0
lijf  0.0 0.0 0.0 0.0 0.0 0.0 0.0
liep.  0.041173043309380465 0.051849166062364026 0.0 0.0 0.07365575661576072 0.02943800178412132 0.0
hem  0.12094140080156783 0.1399564902102973 0.0 0.0 0.16625058108503638 0.11347011596788582 0.0
laatste  0.03977824467239887 0.051849166062364026 0.0 0.0 0.07389679929753273 0.04656556645851918 0.0
jaren  0.043733116757004885 0.051849166062364026 0.0 0.0 0.07427558065460303 0.04174843889384478 0.0
weinig  0.03965465491975494 0.051849166062364026 0.0 0.0 0.07551522873228765 0.039964317573595004 0.13543003851091143
gezien.  0.04071399565670298 0.051849166062364026 0.0 0.0 0.07548079406346307 0.037644959857270295 0.0
eigenlijk  0.09468740620420558 0.09463379260333574 0.0 0.0 0.10750503607031557 0.05816235504014273 0.12323491655969192
nooit  0.08772224085877223 0.09898477157360404 0.0 0.0 0.11711230867237132 0.06458519179304192 0.14698331193838254
goed  0.08035099489750877 0.07577955039883974 0.0 0.0 0.15803791257037583 0.10972346119536128 0.0
gekend.  0.0 0.0 0.0 0.0 0.0 0.0 0.0
eerste  0.04574586415720617 0.023930384336475704 0.22073578595317728 0.17015952455426964 0.01873245984056748 0.07243532560214094 0.1546854942233633
plaats  0.046681615141510265 0.023930384336475704 0.0 0.0 0.0180782011329006 0.04299732381801963 0.0
hij  0.3459365454898568 0.34046410442349523 0.0 0.5630278385986863 0.3300907353523526 0.36271186440677966 0.5673940949935815
ruim  0.08605377919807905 0.06200145032632342 0.0 0.0 0.047330452299375 0.06369313113291704 0.22849807445442877
vijftien  0.04198520454104063 0.023930384336475704 0.0 0.0 0.018698025171742905 0.06351471900089206 0.16238767650834404
jaar  0.124260668444005 0.11203770848440896 0.0 0.0 0.1001704516106816 0.15022301516503123 0.37612323491655975
ouder  0.04269143169900599 0.023930384336475704 0.0 0.0 0.02012706392796267 0.049598572702943794 0.0
dan  0.0 0.0 0.0 0.0 0.0 0.0 0.0
ik,  0.08833136178251734 0.07287889775199419 0.0 0.0 0.03934160913207416 0.059946476360392506 0.26123234916559696
hoewel  0.08658344956655309 0.10913705583756345 0.0 0.0 0.048225753688813884 0.08742194469223907 0.0
je  0.1987971185931955 0.1588107324147933 0.2608695652173913 0.67860494213325 0.3263373564504743 0.24121320249776984 0.3228498074454429
zijn  0.3374353360758488 0.34046410442349523 0.0 0.0 0.3950689554243211 0.3140053523639607 0.1116816431322208
vijfenveertig  0.04572820847825703 0.04786076867295141 0.0 0.0 0.02968268452678156 0.10365744870651204 0.20089858793324777
nauwelijks  0.043150479351683466 0.023930384336475704 0.0 0.0 0.028253645770561796 0.01552185548617306 0.09050064184852376
aanzag.  0.04431575416232631 0.023930384336475704 0.0 0.0 0.03009590055267643 0.025156110615521855 0.0
maar  0.2573933155599498 0.23422770123277736 0.0 0.0 0.20793374769718148 0.18697591436217664 0.524390243902439
jongen  0.0 0.0 0.0 0.0 0.0 0.0 0.0
dikwijls  0.0 0.0 0.0 0.0 0.0 0.0 0.0
gelogeerd  0.041508501209414 0.023930384336475704 0.0 0.0 0.02911451249117611 0.08652988403211419 0.0
styles,  0.046010699341443174 0.023930384336475704 0.0 0.0 0.0405468225409342 0.06226583407671722 0.12002567394094994
landgoed  0.043274069104327406 0.023930384336475704 0.0 0.0 0.04021969318710076 0.06547725245316682 0.19255455712451863
moeder  0.08305231377672628 0.04786076867295141 0.0 0.0 0.10328678913930542 0.07636039250669045 0.0
essex.  0.045080774731192284 0.07142857142857141 0.0 0.3501720362840163 0.038549611749108995 0.08635147190008921 0.0
praatten  0.04419216440968237 0.023930384336475704 0.0 0.0 0.03970317315473217 0.042105263157894736 0.0
tijd  0.12928370910503362 0.09934735315445975 0.0 0.0 0.1583133899209724 0.09562890276538803 0.2259306803594352
over  0.045357439220325216 0.028281363306744012 0.0 0.0 0.053167128665140055 0.020695807314897414 0.0
vroeger,  0.04712300711523861 0.04786076867295141 0.0 0.0 0.05113548320449027 0.05673505798394291 0.0
eind  0.0431151679937852 0.04786076867295141 0.0 0.0 0.049844183123568794 0.07725245316681534 0.0
liedje  0.0 0.0 0.0 0.0 0.0 0.0 0.0
mij  0.0 0.0 0.0 0.0 0.0 0.0 0.0
uitnodigde  0.04382139515175056 0.04786076867295141 0.0 0.0 0.05258173929512231 0.0727921498661909 0.0
verlof  0.04309751231483607 0.023930384336475704 0.0 0.0 0.05342538868132434 0.049955396966993755 0.025673940949935817
brengen  0.04378608379385229 0.023930384336475704 0.0 0.0 0.061793013205695475 0.043889384478144514 0.0
styles.  0.041173043309380465 0.023930384336475704 0.0 0.0 0.06236118524130092 0.08974130240856378 0.1123234916559692
erg  0.08677766203499356 0.09862218999274837 0.0 0.0 0.08303920387045674 0.07190008920606601 0.29781771501925547
leuk  0.03974293331450061 0.023930384336475704 0.0 0.0 0.062430054578950074 0.03568242640499554 0.12002567394094994
vinden  0.040519783188262506 0.023930384336475704 0.0 0.0 0.06332535596838897 0.03336306868867083 0.0
weer  0.08109253341337241 0.06671501087744741 0.0 0.0 0.12875122673507683 0.08099910793933987 0.0
eens  0.047281908225780815 0.03807106598984771 0.0 0.0 0.0649093507343193 0.02230151650312221 0.0
zien 0.04014901393033069 0.023930384336475704 0.0 0.0 0.06406570134811727 0.01926851025869759 0.08729139922978178
al  0.1256143293490351 0.09499637418419142 0.3277591973244147 0.7930872693149829 0.1699867426525025 0.2071364852809991 0.5089858793324776
jaren,  0.0 0.0 0.0 0.0 0.0 0.0 0.0
voegde  0.04131428874097353 0.023930384336475704 0.0 0.0 0.07534305538816478 0.03782337198929527 0.0
eraan  0.08149278765514928 0.05946337926033356 0.3277591973244147 0.8983421958085707 0.17343020953495975 0.08314005352363961 0.24454428754813864
toe.  0.0 0.0 0.0 0.0 0.0 0.0 0.0
met  0.24263316795847384 0.22081218274111672 0.0 0.0 0.38985210309739826 0.2897413024085638 0.14698331193838254
moeder?  0.03840110171436643 0.023930384336475704 0.0 0.0 0.0743272326578399 0.03247100802854594 0.1245186136071887
och,  0.038877805045993044 0.023930384336475704 0.0 0.0 0.07537749005698936 0.03461195361284567 0.12195121951219513
jawel.  0.0387277317749254 0.023930384336475704 0.0 0.0 0.07529140338492793 0.06512042818911686 0.0
weet  0.07907978601317114 0.06671501087744741 0.0 0.0 0.16175685680342966 0.07207850133809099 0.0
ze  0.17782799837567753 0.15989847715736039 0.0 0.0 0.14633012517002114 0.19393398751115076 0.29075738125802314
hertrouwd  0.04029025936192376 0.023930384336475704 0.0 0.0 0.08569067336994884 0.032649420160570916 0.0988446726572529
is?  0.041755680714701884 0.023930384336475704 0.0 0.0 0.08546684802258912 0.027475468331846567 0.0
vrees  0.04156146824626141 0.023930384336475704 0.0 0.0 0.08622441073672972 0.029081177520071364 0.0
verbazing  0.0834495665530818 0.052211747643219716 0.0 0.0 0.12887174807596286 0.11650312221231043 0.13478818998716305
duidelijk  0.041508501209414 0.023930384336475704 0.0 0.0 0.08655154009056315 0.017484388938447816 0.0417201540436457
liet  0.0873249880824167 0.07976794778825234 0.0 0.0 0.12403367710611041 0.03978590544157003 0.21694480102695765
blijken.  0.04282384929112448 0.04786076867295141 0.0 0.0 0.09791498080267212 0.04656556645851918 0.12066752246469833
mevrouw  0.08347605007150549 0.052211747643219716 0.0 0.0 0.11871352077271395 0.10115967885816236 0.2362002567394095
cavendish,  0.04220890199332615 0.023930384336475704 0.0 0.8767594619956209 0.09652037671527691 0.0383586083853702 0.0
johns  0.04050795388336658 0.023930384336475704 0.22073578595317728 0.8802001876759463 0.09689915807234721 0.030508474576271184 0.0
vader  0.03988417874609368 0.023930384336475704 0.0 0.0 0.09712298341970695 0.03389830508474576 0.0
trouwde  0.039857695227669986 0.023930384336475704 0.22073578595317728 0.8873944322802627 0.10380330917167402 0.03586083853702052 0.1694480102695764
weduwnaar  0.040071328942954496 0.023930384336475704 0.44147157190635455 0.8931811072880828 0.09986053959126046 0.09188224799286351 0.11617458279845957
twee  0.13024594360776143 0.10659898477157356 0.0 1.0 0.20517897419121567 0.09884032114183765 0.0
zoons  0.04206165363089037 0.023930384336475704 0.22073578595317728 0.9990616202690022 0.10998433222568478 0.024799286351471897 0.07188703465982028
had,  0.039019050477586116 0.023930384336475704 0.0 0.0 0.10612764931733265 0.019982158786797502 0.0
herinnering  0.04048447183036423 0.023930384336475704 0.22073578595317728 0.986080700656866 0.10855529346946503 0.04495985727029438 0.0
knappe  0.03993131940888787 0.023930384336475704 0.22073578595317728 0.9892086330935252 0.10889964015771075 0.08760035682426405 0.0
vrouw  0.08241670933455746 0.07106598984771573 0.0 0.0 0.15774521788536697 0.06708296164139162 0.16110397946084726
middelbare  0.03940164904041385 0.023930384336475704 0.0 0.9840475445730374 0.10833146812210533 0.09937555753791258 0.09306803594351734
leeftijd.  0.040396193435618566 0.04786076867295141 0.0 0.0 0.12071073156453915 0.047992863514719 0.0
moest  0.04994791574710005 0.05583756345177664 0.0 0.0 0.01942115321705893 0.05084745762711865 0.0
z'n  0.04797047970479705 0.05583756345177664 0.0 0.0 0.019490022554708074 0.05584299732381802 0.0847240051347882
minst  0.04624022316778192 0.05583756345177664 0.0 0.0 0.02004097725590124 0.023550401427297057 0.10847240051347883
zeventig  0.04708769575734034 0.05583756345177664 0.0 0.0 0.019472805220295788 0.10187332738626226 0.11874197689345314
zijn.  0.04519853810978301 0.05583756345177664 0.0 0.0 0.020695235963568114 0.03300624442462087 0.0
herinnerde  0.044439343914970245 0.05583756345177664 0.0 0.0 0.020419758612971534 0.05031222123104371 0.0
me  0.03944278677236533 0.04894851341551849 0.0 0.0 0.041373254592723945 0.04406779661016949 0.23234916559691915
haar  0.2173678913822631 0.2309644670050761 0.0 0.0 0.12033195020746887 0.3015165031222123 0.2227214377406932
energieke,  0.0476350218047635 0.05583756345177664 0.0 0.0 0.01788881045436545 0.031578947368421054 0.18613607188703468
dominerende  0.04912692667596532 0.11167512690355327 0.0 0.0 0.03049189924415901 0.09045495093666368 0.15661103979460847
persoonlijkheid,  0.0440509189780893 0.05583756345177664 0.0 0.0 0.024947917563402828 0.04353256021409455 0.0
zich  0.08803121524038207 0.09608411892675851 0.0 0.0 0.0815929477798247 0.05227475468331847 0.17201540436456997
ook  0.04440403255707198 0.05583756345177664 0.0 0.0 0.029407207176184978 0.047814451382694016 0.0
liefdadig  0.04396264058334363 0.05583756345177664 0.0 0.0 0.02852912312115837 0.06815343443354148 0.0
maatschappelijk  0.04655802538886633 0.11167512690355327 0.0 0.0 0.030577985916220442 0.08528099910793933 0.1816431322207959
terrein  0.04691113896784901 0.05583756345177664 0.0 0.0 0.030509116578571294 0.050490633363068686 0.0
gelden,  0.04623139532830735 0.05583756345177664 0.0 0.0 0.040150823849451615 0.07314897413024085 0.0
graag  0.08748388919295891 0.08411892675852065 0.0 0.0 0.06022623577417743 0.05958965209634255 0.24133504492939667
bazaars  0.04422747576758065 0.11167512690355327 0.5150501672240803 0.3675320613074758 0.04032299719357448 0.1072256913470116 0.3196405648267009
opende  0.04334469182012394 0.11167512690355327 0.0 0.0 0.0406845612162325 0.09652096342551293 0.0
weldoenster  0.04145553417256661 0.11167512690355327 0.0 0.0 0.040564039875346486 0.09081177520071365 0.14955070603337614
speelde.  0.041261321704126136 0.05583756345177664 0.0 0.0 0.040960038566829074 0.041570026761819805 0.0
vrijgevig  0.04562227440456223 0.05583756345177664 0.0 0.0 0.052839999311306604 0.05851917930419268 0.0
bezat  0.04341531453592048 0.05583756345177664 0.0 0.0 0.05256452196071003 0.03568242640499554 0.0
aanzienlijk  0.0439979519412419 0.11167512690355327 0.0 0.4774788864560526 0.053752518035157786 0.03960749330954505 0.1521181001283697
eigen  0.16345627571108248 0.15989847715736039 0.0 0.0 0.22477230075239746 0.1304192685102587 0.09178433889602054
vermogen.  0.04437754903864828 0.05583756345177664 0.0 0.0 0.05390747404486837 0.054415700267618196 0.11617458279845957
begin  0.08177227705291407 0.09390862944162436 0.0 0.0 0.09269812847574939 0.08670829616413916 0.0
hun  0.12326312258337895 0.12690355329949238 0.0 0.0 0.1792496685663125 0.12274754683318466 0.19191270860077023
trouwen  0.044624728543936155 0.05583756345177664 0.0 0.0 0.06298100928014323 0.03282783229259589 0.0
buitenhuis,  0.04330355408817246 0.11167512690355327 0.0 0.5825774163278074 0.06413457068576642 0.09188224799286351 0.11489088575096278
styles  0.2185790709581737 0.44089920232052204 0.45150501672240806 0.4488583046606194 0.1839327835264544 0.3693131132917038 0.5699614890885751
court,  0.041508501209414 0.05583756345177664 0.0 0.0 0.06384187600075754 0.0672613737734166 0.18613607188703468
gekocht.  0.04085524108829605 0.05583756345177664 0.0 0.0 0.06360083331898553 0.05173951828724353 0.0
zo  0.13261180458694538 0.12255257432922406 0.0 0.0 0.1495153320362941 0.1455842997323818 0.11553273427471117
geheel  0.04800579106269531 0.035532994923857864 0.0 0.0 0.020540279953857536 0.04335414808206958 0.0
onder  0.04523384946768128 0.035532994923857864 0.0 0.0 0.021074017320638416 0.027475468331846567 0.2105263157894737
invloed  0.0 0.0 0.0 0.0 0.0 0.0 0.0
vrouw,  0.0 0.0 0.0 0.0 0.0 0.0 0.0
dood  0.04583414255195183 0.035532994923857864 0.0 0.0 0.03004424854943957 0.040499553969669935 0.0
naliet  0.04520736594925758 0.035532994923857864 0.0 0.0 0.030199204559150143 0.05923282783229259 0.0
duur  0.046646303783612 0.035532994923857864 0.0 0.0 0.031025636610939884 0.05887600356824264 0.0
leven,  0.0 0.0 0.0 0.0 0.0 0.0 0.0
evenals  0.04611663341513798 0.035532994923857864 0.0 0.0 0.03359101943837054 0.013737734165923284 0.0
grootste  0.04443051607549568 0.035532994923857864 0.0 0.0 0.03045746457533444 0.02711864406779661 0.11745827984595636
deel  0.04378608379385229 0.035532994923857864 0.0 0.0 0.030801811263580163 0.032649420160570916 0.05455712451861361
kapitaal,  0.044351065520224574 0.035532994923857864 0.0 0.0 0.03997865050532875 0.021944692239072257 0.0
schikking  0.04371546107805576 0.035532994923857864 0.0 0.0 0.040977255901241356 0.05423728813559322 0.0
uitgesproken  0.04259962216847049 0.07106598984771573 0.3277591973244147 0.3739443228026275 0.0420619479692154 0.07207850133809099 0.1540436456996149
oneerlijk  0.042603153304260316 0.035532994923857864 0.3277591973244147 0.38848920863309355 0.042767858680119133 0.16931311329170382 0.0
ten  0.043185790709581735 0.035532994923857864 0.0 0.0 0.04263012000482084 0.055129348795718104 0.07124518613607189
opzichte  0.0420734829357863 0.035532994923857864 0.0 0.0 0.04182090528744339 0.019803746654772525 0.0
zoons.  0.04309751231483607 0.035532994923857864 0.0 0.0 0.053339302009262915 0.02533452274754683 0.0
stiefmoeder  0.04196754886209149 0.035532994923857864 0.0 0.0 0.05199634992510458 0.053345227475468326 0.13029525032092426
echt  0.040890552446194314 0.035532994923857864 0.0 0.0 0.0525989566295346 0.05530776092774309 0.0
wel  0.08185172760818517 0.08303118201595358 0.0 0.0 0.10564556395378864 0.11293487957181088 0.0
gezorgd  0.040466816151415105 0.035532994923857864 0.0 0.0 0.052461217954236306 0.02711864406779661 0.0
niets  0.039478098130263595 0.035532994923857864 0.0 0.0 0.05197913259069229 0.029973238180196253 0.0
tekort  0.0 0.0 0.0 0.0 0.0 0.0 0.0
kwamen;  0.04051095534878794 0.07106598984771573 0.0 0.0 0.06416900535459098 0.05138269402319358 0.0
zij  0.07746429138932537 0.11131254532269759 0.0 0.0 0.11573492191938843 0.07386262265834076 0.0
waren  0.03856000282490863 0.035532994923857864 0.0 0.0 0.06354918131574869 0.03853702051739518 0.11617458279845957
trouwens  0.037377072335316654 0.035532994923857864 0.0 0.0 0.06317039995867837 0.03229259589652096 0.0
jong  0.03989300658556825 0.028281363306744012 0.0 0.0 0.10800433876827187 0.09277430865298839 0.0
hertrouwde,  0.03778315295114674 0.035532994923857864 0.0 0.0 0.06268831459513437 0.04620874219446922 0.0
beschouwden.  0.03833930683804446 0.07106598984771573 0.0 0.0 0.07305314991133072 0.0808206958073149 0.06546854942233633
lawrence,  0.03936633768251558 0.10659898477157358 0.0 0.6709415076634345 0.07386236462870815 0.05798394290811775 0.0
jongste,  0.03912498455128092 0.035532994923857864 0.0 0.0 0.07391401663194502 0.0367528991971454 0.0
kind  0.037377072335316654 0.035532994923857864 0.0 0.0 0.07353523527487472 0.07297056199821587 0.13607188703465983
gezondheid  0.04060806158300817 0.035532994923857864 0.0 0.0 0.08579397737642257 0.03104371097234612 0.07637997432605906
gesukkeld.  0.038895460724942175 0.035532994923857864 0.0 0.0 0.08531189201287855 0.021231043710972345 0.0
arts  0.04002542417768675 0.035532994923857864 0.0 0.0 0.0837451145813605 0.043710972346119537 0.10783055198973043
geworden,  0.04002542417768675 0.035532994923857864 0.0 0.0 0.08482980664933452 0.029973238180196253 0.0
spoedig  0.039725277635551476 0.035532994923857864 0.0 0.0 0.08653432275615089 0.03586083853702052 0.0
doktersberoep  0.041256201557230886 0.10659898477157358 0.3277591973244147 0.9042852674382235 0.09748454744236495 0.08510258697591436 0.1264441591784339
gegeven.  0.04059040590405904 0.035532994923857864 0.0 0.0 0.09848315283827755 0.08760035682426405 0.0
woonde  0.04419216440968237 0.04713560551124002 0.0 0.0 0.020385323944146962 0.028010704727921495 0.0
thuis  0.049065131799643356 0.04713560551124002 0.0 0.0 0.0203336719409101 0.03639607493309545 0.0
letterkundige  0.04413919737283497 0.09427121102248004 0.0 0.19096027525805445 0.021022365317401554 0.07314897413024085 0.2342747111681643
aspiraties;  0.04353890428856441 0.04713560551124002 0.0 0.0 0.0203336719409101 0.06512042818911686 0.0
gedichten  0.0440509189780893 0.09427121102248004 0.0 0.0 0.02095349597975241 0.05905441570026762 0.13286264441591786
hadden  0.04336234749907308 0.04713560551124002 0.0 0.0 0.01862915583409376 0.03693131132917038 0.11874197689345314
echter  0.04362718268331008 0.04713560551124002 0.0 0.0 0.018043766464076027 0.03300624442462087 0.0
enig  0.04262080898320945 0.04713560551124002 0.0 0.0 0.029441641845009546 0.0383586083853702 0.0
noemenswaardig  0.042408940835819836 0.04713560551124002 0.43478260869565216 0.3096653112292775 0.034090322136326845 0.06262265834076718 0.24711168164313224
succes.  0.043026889599039525 0.04713560551124002 0.0 0.0 0.03064685525386959 0.06868867082961641 0.0
advocaat  0.045419234096647186 0.09427121102248004 0.0 0.0 0.03140441796801019 0.07065120428189116 0.0
geweest,  0.0 0.0 0.0 0.0 0.0 0.0 0.0
uiteindelijk  0.04076696269355038 0.04713560551124002 0.0 0.0 0.04001308517415333 0.03782337198929527 0.0
gekozen  0.04185278694892212 0.04713560551124002 0.0 0.0 0.041803687953031105 0.05923282783229259 0.0
leven  0.04067868429880472 0.056200145032632334 0.0 0.0 0.07398288596959417 0.04531668153434434 0.0
landjonker.  0.043553028831723725 0.2353154459753444 0.0 0.3759774788864561 0.04266455467364542 0.21766280107047278 0.11745827984595636
geleden  0.08836667314041562 0.08738216098622188 0.0 0.0 0.08429606928255366 0.07564674397859054 0.4775353016688062
getrouwd  0.04641677995727326 0.04713560551124002 0.0 0.0 0.05244400061982402 0.02854594112399643 0.0
komen  0.0 0.0 0.0 0.0 0.0 0.0 0.0
wonen,  0.03916029590917918 0.04713560551124002 0.0 0.0 0.0523579139477626 0.052631578947368425 0.0
stil  0.039389819735517924 0.04713560551124002 0.0 0.0 0.05137652588626227 0.03354148082069581 0.1258023106546855
vermoeden  0.03910732887233179 0.09427121102248004 0.0 0.0 0.0530982593274909 0.048884924174843886 0.0
liever  0.0 0.0 0.0 0.0 0.0 0.0 0.0
grotere  0.0394516146118399 0.04713560551124002 0.0 0.0 0.06155197052392347 0.03693131132917038 0.07252888318356868
toelage  0.039513409488161864 0.04713560551124002 0.0 0.0 0.06272274926395893 0.02016057091882248 0.0
gehad,  0.038648281219654294 0.04713560551124002 0.0 0.0 0.06332535596838897 0.025156110615521855 0.0982028241335045
staat  0.04131428874097353 0.04713560551124002 0.0 0.0 0.07527418605051564 0.041034790365744866 0.0
stellen  0.03949575380921273 0.04713560551124002 0.0 0.0 0.07527418605051564 0.033184656556645854 0.0
zichzelf  0.039027878317060685 0.04713560551124002 0.0 0.0 0.07451662333637504 0.04335414808206958 0.11360718870346599
wonen.  0.0 0.0 0.0 0.0 0.0 0.0 0.0
iemand  0.0422853510831759 0.028281363306744012 0.0 0.0 0.020264802603260957 0.028902765388046384 0.0
zin  0.0 0.0 0.0 0.0 0.0 0.0 0.0
deed  0.04194989318314236 0.028281363306744012 0.0 0.0 0.02002375992148895 0.05066904549509366 0.0
andere  0.12178887339112625 0.10442349528643943 0.0 0.0 0.12286289836607492 0.1455842997323818 0.07702182284980745
mensen  0.04549868465191829 0.028281363306744012 0.0 0.0 0.029923727208553567 0.027475468331846567 0.0
verlangde  0.04478362965447836 0.028281363306744012 0.0 0.0 0.029613815189132413 0.06387154326494202 0.0
ernaar  0.04491604724659687 0.056200145032632334 0.0 0.0 0.03169711265301905 0.05851917930419268 0.13414634146341464
schikten,  0.04578117551510443 0.028281363306744012 0.0 0.0 0.03174876465625591 0.03728813559322034 0.0
dit  0.0 0.0 0.0 0.0 0.0 0.0 0.0
geval  0.04631084588357845 0.028281363306744012 0.0 0.0 0.03152493930889619 0.04870651204281891 0.08408215661103981
hield  0.04545454545454545 0.028281363306744012 0.0 0.0 0.030147552555913285 0.02337198929527208 0.0
zeker  0.045348611380850654 0.028281363306744012 0.0 0.0 0.030698507257106447 0.03300624442462087 0.0
touwtjes  0.04878264093645721 0.056200145032632334 0.0 0.0 0.04171760128096967 0.052631578947368425 0.0
handen,  0.0 0.0 0.0 0.0 0.0 0.0 0.0
namelijk:  0.045222020162785356 0.056200145032632334 0.0 0.4147638411010322 0.04566037086138323 0.07957181088314005 0.0
koorden  0.04565758576246049 0.028281363306744012 0.0 0.0 0.04232020798539969 0.03354148082069581 0.0
beurs.  0.04396264058334363 0.028281363306744012 0.0 0.0 0.04264733733923313 0.03568242640499554 0.11360718870346599
zag  0.041702713677854476 0.03807106598984771 0.0 0.0 0.053563127356622636 0.044424620874219445 0.0
nieuws  0.04595773230459577 0.028281363306744012 0.0 0.0 0.052254609941288874 0.031578947368421054 0.0
moeders  0.03991949010399195 0.028281363306744012 0.0 0.0 0.05280556464248203 0.04299732381801963 0.0
huwelijk  0.03979590035134801 0.028281363306744012 0.0 0.0 0.052461217954236306 0.05566458519179304 0.0
glimlachte  0.0407787919984463 0.028281363306744012 0.0 0.4760713168595559 0.05240956595099945 0.0808206958073149 0.0
wrang.  0.042329490280548734 0.056200145032632334 0.0 0.0 0.05337373667808749 0.0704727921498662 0.0
misselijke  0.0457105527993079 0.028281363306744012 0.0 0.0 0.06415178802017871 0.02016057091882248 0.0
vent  0.12949557725242325 0.11131254532269759 0.0 0.0 0.17005561199015165 0.11257805530776092 0.24390243902439027
ook!  0.04191458182524409 0.028281363306744012 0.0 0.0 0.06224066390041492 0.04264049955396967 0.0
zei  0.0 0.0 0.0 0.0 0.0 0.0 0.0
grimmig.  0.043026889599039525 0.028281363306744012 0.0 0.0 0.0625161412510115 0.04174843889384478 0.0
mag  0.0 0.0 0.0 0.0 0.0 0.0 0.0
best  0.043944984904394496 0.028281363306744012 0.0 0.0 0.06360083331898553 0.052631578947368425 0.14569961489088576
weten,  0.04341531453592048 0.028281363306744012 0.0 0.0 0.06335979063721353 0.040499553969669935 0.21758664955070606
hastings,  0.04200286021998975 0.028281363306744012 0.0 0.0 0.06334257330280124 0.060481712756467444 0.0
ons  0.0 0.0 0.0 0.0 0.0 0.0 0.0
behoorlijk  0.04093769310898851 0.028281363306744012 0.2608695652173913 0.6746950265874258 0.07427558065460303 0.09348795718108832 0.12002567394094994
verpest.  0.03976941683292431 0.028281363306744012 0.0 0.0 0.07251941254454983 0.055486173059768065 0.0
evie  0.03909850103285722 0.028281363306744012 0.0 0.0 0.07365575661576072 0.04692239072256913 0.20154043645699615
betreft,  0.0384364130722647 0.028281363306744012 0.0 0.0 0.0736901912845853 0.05602140945584299 0.14890885750962773
herinner  0.038047988135383744 0.028281363306744012 0.2608695652173913 0.6796997184860808 0.0748265353557962 0.04139161462979483 0.0
evie?  0.037447695051113186 0.028281363306744012 0.0 0.0 0.07503314336874363 0.037644959857270295 0.10397946084724005
nee.  0.037006303077384846 0.028281363306744012 0.0 0.0 0.07575627141405965 0.028902765388046384 0.20154043645699615
o,  0.03625593672204665 0.056200145032632334 0.0 0.0 0.07401732063841873 0.08046387154326494 0.0
na  0.03746976464979961 0.028281363306744012 0.2608695652173913 0.7783859868626838 0.08608667206143143 0.13898305084745763 0.10847240051347883
jouw  0.03814509436960398 0.028281363306744012 0.0 0.0 0.08469206797403624 0.0735057983942908 0.08985879332477537
zijn,  0.03873655961439997 0.028281363306744012 0.0 0.0 0.08501919732786968 0.0351471900089206 0.0
denk  0.0 0.0 0.0 0.0 0.0 0.0 0.0
ik.  0.03868359257755257 0.028281363306744012 0.0 0.0 0.08451989462991337 0.03746654772524532 0.0
ma's  0.03695333604053744 0.028281363306744012 0.0 0.0 0.08508806666551882 0.07065120428189116 0.0
factotum,  0.037294620314624195 0.028281363306744012 0.0 0.7786987801063497 0.08572510803877341 0.14380017841213202 0.26123234916559696
gezelschapsdame,  0.03718285986687618 0.056200145032632334 0.0 0.0 0.08717136412940546 0.09866190900981266 0.13992297817715021
nou  0.07696110453927506 0.056562726613488025 0.0 0.0 0.18734181574008707 0.06547725245316682 0.0
ja,  0.0494535567365243 0.04278462654097171 0.0 0.0 0.02214149205420016 0.03889384478144514 0.0
zo'n  0.03827751196172249 0.028281363306744012 0.0 0.0 0.10020488627950618 0.02230151650312221 0.0
beetje  0.03912498455128092 0.028281363306744012 0.0 0.0 0.09817324081885642 0.03693131132917038 0.0
manusje  0.038189233566976816 0.028281363306744012 0.0 0.0 0.09801828480914582 0.03978590544157003 0.0
alles!  0.038807182330196505 0.028281363306744012 0.0 0.0 0.09765672078648782 0.0383586083853702 0.0
flink  0.038153922209078546 0.028281363306744012 0.0 0.0 0.09355899519636367 0.029794826048171276 0.06867779204107831
mens 0.03861296986175603 0.028281363306744012 0.0 0.0 0.09696802740999635 0.019090098126672613 0.1848523748395379
beste  0.03772435954024612 0.056200145032632334 0.0 0.881920550516109 0.09708854875088237 0.09652096342551293 0.168806161745828
evie!  0.038153922209078546 0.028281363306744012 0.0 0.0 0.09602107401732062 0.10062444246208742 0.0
niet  0.12532000918095304 0.10913705583756345 0.39464882943143814 0.38708163903659687 0.1941082281641156 0.13916146297948262 0.0
direct  0.038992566959162415 0.028281363306744012 0.0 0.0 0.10764277474561386 0.04585191793041927 0.0
knap,  0.0 0.0 0.0 0.0 0.0 0.0 0.0
eentje  0.04057275022510991 0.056200145032632334 0.0 0.0 0.1074533840670787 0.058340767172167705 0.0
waar  0.0 0.0 0.0 0.0 0.0 0.0 0.0
kunt.  0.0 0.0 0.0 0.0 0.0 0.0 0.0
wou  0.04865905118381327 0.04278462654097171 0.0 0.0 0.019713847902067795 0.03300624442462087 0.0
zeggen?  0.05003619414184572 0.04278462654097171 0.0 0.0 0.020884626642103263 0.03425512934879572 0.0
o  0.0 0.0 0.0 0.0 0.0 0.0 0.0
vent!  0.0 0.0 0.0 0.0 0.0 0.0 0.0
kwam  0.09549956743586574 0.0917331399564902 0.0 0.0 0.04187255729068025 0.08599464763603926 0.11553273427471117
uit  0.04689348328889987 0.04278462654097171 0.0 0.0 0.019162893200874637 0.032114183764495985 0.14249037227214378
opdagen  0.049683080562863045 0.08520667150108774 0.0 0.0 0.03169711265301905 0.06886708296164139 0.0
smoesje  0.0 0.0 0.0 0.0 0.0 0.0 0.0
achterneef  0.04136725577782094 0.04278462654097171 0.0 0.0 0.030664072588281875 0.058340767172167705 0.0
zoiets  0.040466816151415105 0.04278462654097171 0.0 0.0 0.030905115270053882 0.0512042818911686 0.0
evie,  0.0 0.0 0.0 0.0 0.0 0.0 0.0
gesteld  0.0 0.0 0.0 0.0 0.0 0.0 0.0
leek  0.040519783188262506 0.03807106598984771 0.0 0.0 0.051634785902446564 0.0351471900089206 0.0
verwantschap  0.04156146824626141 0.04278462654097171 0.0 0.0 0.04182090528744339 0.0367528991971454 0.0
erkennen.  0.04194989318314236 0.04278462654097171 0.0 0.0 0.04311220536836486 0.02551293487957181 0.08921694480102696
iedereen  0.04206465509631173 0.08520667150108774 0.0 0.0 0.04144212393037309 0.04852809991079394 0.0
kan  0.041790992072600154 0.04278462654097171 0.0 0.0 0.04467898279988291 0.055129348795718104 0.0
zien  0.041896926146294956 0.08520667150108774 0.0 0.39255552080075073 0.043215509374838576 0.07225691347011597 0.0
helemaal  0.04317996433552852 0.04278462654097171 0.39464882943143814 0.48185799186737577 0.05304660732425406 0.08349687778768956 0.0
toon  0.0 0.0 0.0 0.0 0.0 0.0 0.0
valt.  0.04369780539910662 0.04278462654097171 0.0 0.0 0.05363199669427178 0.03229259589652096 0.0
heeft  0.04196754886209149 0.04278462654097171 0.0 0.0 0.05364921402868407 0.0367528991971454 0.0
pikzwarte  0.04147318985151574 0.04278462654097171 0.0 0.0 0.052667825967183744 0.029616413916146295 0.2124518613607189
baard  0.04106710923568566 0.08520667150108774 0.0 0.0 0.05340817134691206 0.07867975022301517 0.0
draagt  0.04081992973039778 0.04278462654097171 0.0 0.0 0.05445842874606152 0.028902765388046384 0.09499358151476252
lakschoenen,  0.04226769540422677 0.08520667150108774 0.0 0.0 0.06554639210757389 0.06958073148974131 0.11617458279845957
weer!  0.0 0.0 0.0 0.0 0.0 0.0 0.0
ma  0.03896608344073871 0.04278462654097171 0.0 0.0 0.06348031197809953 0.05423728813559322 0.0
meteen  0.03878952665124737 0.04278462654097171 0.0 0.0 0.06334257330280124 0.03532560214094558 0.13543003851091143
heel  0.03780080863009587 0.04278462654097171 0.0 0.0 0.06358361598457325 0.037644959857270295 0.1694480102695764
veel  0.0369356803615883 0.12799129804205944 0.0 0.5677197372536754 0.06249892391659921 0.09134701159678858 0.15725288831835688
nam  0.038206889245925954 0.04278462654097171 0.0 0.0 0.06547752276992475 0.029794826048171276 0.0
dienst  0.04069633997775384 0.04278462654097171 0.0 0.0 0.07472323134932247 0.022123104371097234 0.0
secretaris 0.03848938010911209 0.08520667150108774 0.0 0.0 0.0755668807355245 0.10490633363068688 0.0975609756097561
toch  0.0 0.0 0.0 0.0 0.0 0.0 0.0
altijd  0.0385423471459595 0.04278462654097171 0.0 0.0 0.07475766601814705 0.05798394290811775 0.0
honderd  0.03801267677748548 0.08520667150108774 0.0 0.0 0.07561853273876136 0.06690454950936664 0.08729139922978178
verenigingen  0.041049453556736525 0.08520667150108774 0.0 0.0 0.08655154009056315 0.08224799286351472 0.20603337612323494
leidde?  0.0386217977012306 0.08520667150108774 0.0 0.0 0.08617275873349285 0.08171275646743978 0.0
knikte.  0.04213527781210826 0.04024655547498187 0.0 0.0 0.021573320018594716 0.04977698483496878 0.13992297817715021
oorlog  0.04277971009375166 0.04024655547498187 0.37123745819397996 0.1792305286205818 0.019731065236480085 0.048884924174843886 0.1116816431322208
honderden  0.041022970038312824 0.08049311094996374 0.0 0.0 0.01964497856441865 0.0767172167707404 0.0
duizenden.  0.040952347322516285 0.08049311094996374 0.0 0.0 0.016115425009899962 0.0647636039250669 0.10526315789473685
wonder  0.042567841946362046 0.08049311094996374 0.0 0.0 0.03255797937363336 0.06137377341659233 0.11617458279845957
kerel  0.0 0.0 0.0 0.0 0.0 0.0 0.0
pas  0.0 0.0 0.0 0.0 0.0 0.0 0.0
kwam!  0.0 0.0 0.0 0.0 0.0 0.0 0.0
snapt  0.0430092339200904 0.04024655547498187 0.0 0.0 0.030250856562387 0.03300624442462087 0.2079589216944801
klap  0.04202051589893889 0.04024655547498187 0.0 0.0 0.030664072588281875 0.021231043710972345 0.0
gezicht  0.043803739472801424 0.04024655547498187 0.0 0.0 0.04221690397892597 0.028010704727921495 0.0
was,  0.04193223750419322 0.04024655547498187 0.0 0.0 0.041166646579776506 0.027653880463871544 0.0
drie  0.044562933667614185 0.04894851341551849 0.0 0.0 0.020144281262374955 0.034433541480820694 0.0
plotseling  0.08497678278218189 0.07831762146482958 0.0 0.0 0.11477075119230039 0.08688670829616414 0.17522464698331194
aankondigde  0.04378608379385229 0.04024655547498187 0.0 0.0 0.043181074706014004 0.04870651204281891 0.06803594351732992
alfred  0.04307985663588693 0.04024655547498187 0.0 0.0 0.0542346033987018 0.052809991079393395 0.0
verloofd  0.04050212750931337 0.04024655547498187 0.0 0.0 0.051187135207727136 0.03175735950044603 0.11103979460847241
hadden!  0.04050212750931337 0.04024655547498187 0.0 0.0 0.05177252457774486 0.030865298840321142 0.0
minstens  0.040254948004025494 0.04024655547498187 0.0 0.0 0.052547304626297746 0.053345227475468326 0.3048780487804878
twintig  0.03993714578294108 0.04024655547498187 0.0 0.0 0.05256452196071003 0.0847457627118644 0.08600770218228498
jonger  0.039513409488161864 0.04024655547498187 0.0 0.0 0.05275391263924518 0.039429081177520066 0.0
zij!  0.039636999240805805 0.04024655547498187 0.0 0.0 0.06566691344845989 0.03871543264942016 0.0
gewoon  0.038754215293349104 0.04024655547498187 0.0 0.0 0.06370413732545925 0.029616413916146295 0.0
onbeschaamde  0.038977912745634634 0.12073966642494562 0.0 0.5846105724116359 0.06435839603312614 0.12346119536128457 0.1848523748395379
fortuinzoeker;  0.03931919701972139 0.04024655547498187 0.0 0.0 0.06380744133193299 0.05138269402319358 0.06996148908857511
wil  0.03882483800914564 0.04024655547498187 0.0 0.0 0.06342865997486268 0.031222123104371096 0.0
je 0.0 0.0 0.0 0.0 0.0 0.0 0.0
baas,  0.03908967319338265 0.04024655547498187 0.0 0.0 0.07472323134932247 0.03354148082069581 0.0
getrouwd.  0.0 0.0 0.0 0.0 0.0 0.0 0.0
moet  0.03626476456152121 0.04024655547498187 0.0 0.0 0.07465436201167333 0.03693131132917038 0.0
jullie  0.036008757216758766 0.04024655547498187 0.0 0.0 0.07539470739140164 0.08331846565566459 0.0
moeilijke  0.03716520418792704 0.04024655547498187 0.0 0.0 0.07635887811848967 0.02087421944692239 0.0975609756097561
situatie  0.03871007609597627 0.08049311094996374 0.0 0.0 0.08791170950913378 0.07261373773416592 0.0
moeilijk!  0.03681209060894437 0.08049311094996374 0.0 0.0 0.08658597475938772 0.06851025869759143 0.0
onmogelijke  0.03801850315153869 0.04024655547498187 0.0 0.7904285267438225 0.0870164081196949 0.021052631578947368 0.12002567394094994
situatie,  0.037703702395875636 0.04024655547498187 0.0 0.0 0.08631049740879115 0.06761819803746655 0.0
het!  0.0 0.0 0.0 0.0 0.0 0.0 0.0
dagen  0.0 0.0 0.0 0.0 0.0 0.0 0.0
later,  0.04569289712035876 0.04894851341551849 0.0 0.0 0.021866014703603585 0.015878679750223015 0.0
trein  0.04500432564134254 0.04894851341551849 0.0 0.0 0.02126340799917356 0.036039250669045494 0.1951219512195122
stapte  0.04226769540422677 0.04894851341551849 0.0 0.0 0.020557497288269826 0.05423728813559322 0.0
st.  0.08617154257666979 0.0870195794053662 0.45150501672240806 0.17594619956208948 0.03923830512560045 0.0911685994647636 0.3504492939666239
mary,  0.04193223750419322 0.04894851341551849 0.0 0.0 0.01928341454176064 0.05138269402319358 0.18100128369704752
belachelijk  0.04647857483359522 0.09789702683103697 0.0 0.0 0.02734112704671062 0.05566458519179304 0.0
klein  0.04636381292042586 0.04894851341551849 0.0 0.0 0.028167559098500362 0.04906333630686887 0.13543003851091143
stationnetje  0.043406486696445916 0.09789702683103697 0.0 0.0 0.029269468500886683 0.05584299732381802 0.15789473684210528
zonder  0.040193153127703524 0.04894851341551849 0.0 0.0 0.033057282071589665 0.043889384478144514 0.0
duidelijke  0.041888098306820394 0.09789702683103697 0.0 0.0 0.029596597854720127 0.09919714540588759 0.10847240051347883
bestaansgrond,  0.044992496336446614 0.14684554024655547 0.0 0.27259931185486397 0.030009813880614997 0.09277430865298839 0.11938382541720155
gelegen  0.042338318120023304 0.04894851341551849 0.0 0.0 0.02968268452678156 0.033184656556645854 0.0
temidden  0.04297392256219213 0.04894851341551849 0.0 0.0 0.04254403333275941 0.05976806422836753 0.0
groene  0.04087289676724519 0.04894851341551849 0.0 0.0 0.0421824693101014 0.02016057091882248 0.15275994865211812
velden  0.043026889599039525 0.04894851341551849 0.0 0.0 0.04027134519033762 0.04246208742194469 0.0
landweggetjes.  0.041720369356803615 0.04894851341551849 0.0 0.0 0.040598474544171065 0.0872435325602141 0.15275994865211812
perron  0.039522237327636434 0.09789702683103697 0.0 0.0 0.05277112997365747 0.06743978590544157 0.0
wachten  0.0 0.0 0.0 0.0 0.0 0.0 0.0
bracht  0.0 0.0 0.0 0.0 0.0 0.0 0.0
auto.  0.036847401966842636 0.04894851341551849 0.0 0.0 0.052478435288648595 0.03568242640499554 0.0
paar  0.0384364130722647 0.09789702683103697 0.0 0.0 0.053149911330727766 0.08385370205173952 0.08536585365853659
druppels  0.039027878317060685 0.09789702683103697 0.0 0.0 0.0642723093610647 0.052631578947368425 0.17394094993581516
benzine,  0.037359416656367515 0.04894851341551849 0.0 0.0 0.06306709595220467 0.048349687778768954 0.0
je,  0.03714754850897791 0.04894851341551849 0.0 0.0 0.06268831459513437 0.05173951828724353 0.0
hij.  0.03728879394057098 0.04894851341551849 0.0 0.0 0.06253335858542379 0.02426404995539697 0.0
voornamelijk  0.03783611998799413 0.04894851341551849 0.0 0.0 0.06332535596838897 0.08189116859946477 0.17779204107830554
danken  0.03847172443016296 0.04894851341551849 0.0 0.0 0.06287770527366951 0.02426404995539697 0.09178433889602054
activiteiten  0.040343226398771165 0.09789702683103697 0.0 0.0 0.07608340076789309 0.06440677966101695 0.2605905006418485
ma.  0.0 0.0 0.0 0.0 0.0 0.0 0.0
dorp  0.05313476579741874 0.07650471356055111 0.0 0.0 0.022795750761867045 0.05887600356824264 0.06739409499358152
mary  0.04569289712035876 0.03807106598984771 0.0 0.0 0.020454193281796106 0.046030330062444245 0.0
lag  0.04235597379897244 0.03807106598984771 0.0 0.0 0.029269468500886683 0.04246208742194469 0.09691912708600771
ongeveer  0.04568406928088419 0.07650471356055111 0.0 0.0 0.02145279867770871 0.09866190900981266 0.0
kilometer  0.08867564752202546 0.11457577955039884 0.0 0.0 0.051290439214200845 0.07386262265834076 0.0
stationnetje,  0.04353890428856441 0.03807106598984771 0.0 0.0 0.020368106609734676 0.029081177520071364 0.09306803594351734
court  0.04330355408817246 0.03807106598984771 0.35117056856187295 0.27604003753518924 0.030388595237685292 0.05566458519179304 0.15275994865211812
kant  0.0 0.0 0.0 0.0 0.0 0.0 0.0
op.  0.0 0.0 0.0 0.0 0.0 0.0 0.0
rustige,  0.04182630343049842 0.03807106598984771 0.0 0.0 0.031111723283001314 0.0615521855486173 0.2374839537869063
warme  0.042550186267412915 0.03807106598984771 0.0 0.0 0.02988929253972899 0.11239964317573595 0.0
dag  0.04567524144140962 0.03807106598984771 0.0 0.0 0.042991684027478855 0.014986619090098127 0.0
juli.  0.03845406875121382 0.03807106598984771 0.0 0.0 0.040340214527986765 0.03282783229259589 0.0
daar  0.041667402319956214 0.03807106598984771 0.0 0.0 0.04188977462509253 0.02818911685994648 0.0
vlakke  0.04134077225939723 0.03807106598984771 0.0 0.0 0.04254403333275941 0.060124888492417476 0.11489088575096278
land  0.0439714684228182 0.07650471356055111 0.0 0.0 0.04171760128096967 0.07243532560214094 0.0
essex  0.04405974681756387 0.07650471356055111 0.0 0.0 0.04173481861538196 0.043889384478144514 0.0
groen  0.044739490457105534 0.03807106598984771 0.0 0.0 0.04263012000482084 0.032649420160570916 0.05006418485237484
vredig  0.04508377619661364 0.07650471356055111 0.0 0.0 0.05487164477195639 0.054950936663693134 0.15982028241335045
liggen  0.0 0.0 0.0 0.0 0.0 0.0 0.0
middagzon,  0.04023729232507636 0.03807106598984771 0.0 0.0 0.05275391263924518 0.05370205173951828 0.1264441591784339
bijna  0.040307915040872895 0.03807106598984771 0.0 0.0 0.05135930855184999 0.047279214986619085 0.11874197689345314
onmogelijk  0.04087289676724519 0.03807106598984771 0.0 0.0 0.05270226063600832 0.03300624442462087 0.0
geloven  0.04027260368297463 0.07650471356055111 0.0 0.0 0.05397634338251751 0.04924174843889384 0.09691912708600771
dat,  0.03983121170924628 0.03807106598984771 0.0 0.0 0.051634785902446564 0.026940231935771632 0.11745827984595636
ver  0.047440809336323025 0.03807106598984771 0.0 0.0 0.06470274272137186 0.03193577163247101 0.0
weg,  0.0 0.0 0.0 0.0 0.0 0.0 0.0
onafwendbaar  0.04707004007839122 0.03807106598984771 0.0 0.0 0.06520204541932816 0.10133809099018733 0.0
wereldoorlog  0.04430692632285175 0.03807106598984771 0.0 0.0 0.06232675057247636 0.05245316681534344 0.13992297817715021
voort  0.04436872119917371 0.03807106598984771 0.0 0.0 0.06134536251097604 0.03889384478144514 0.07317073170731708
woedde.  0.04375077243595402 0.03807106598984771 0.0 0.0 0.06263666259189751 0.020338983050847456 0.0
gevoel  0.04037853775666943 0.03807106598984771 0.0 0.0 0.06311874795544152 0.024799286351471897 0.0
terechtgekomen.  0.04080227405144864 0.03807106598984771 0.0 0.0 0.0725710645477867 0.04192685102586976 0.0
hek  0.0 0.0 0.0 0.0 0.0 0.0 0.0
portierswoning  0.04221472836737936 0.07650471356055111 0.0 0.7488270253362528 0.08243659716602673 0.10793933987511149 0.18934531450577666
indraaiden,  0.04011370257243242 0.03807106598984771 0.0 0.0 0.08610388939584372 0.052631578947368425 0.0
john:  0.03925740214339942 0.07650471356055111 0.0 0.0 0.08360737590606221 0.049955396966993755 0.0
ben  0.03933685269867053 0.03807106598984771 0.0 0.0 0.08467485063962395 0.037109723461195364 0.0
bang  0.0 0.0 0.0 0.0 0.0 0.0 0.0
hier  0.03811861085118028 0.03807106598984771 0.0 0.0 0.08582841204524713 0.048171275646743984 0.1386392811296534
