word IA_DWELL_TIME IA_FIRST_FIXATION_DURATION IA_FIRST_RUN_DWELL_TIME IA_FIRST_RUN_FIXATION_COUNT IA_FIXATION_COUNT
просим 1.5409432870370372 1.2573061342592593 1.3675491898148149 0.006293402777777778 0.00708912037037037
вас 0.5621383101851852 0.48336226851851855 0.48336226851851855 0.0025318287037037037 0.002893518518518519
разборчиво 2.2779224537037037 1.3511284722222223 1.7494936342592593 0.008318865740740741 0.01077835648148148
заполнять 2.5227141203703702 1.5202546296296295 1.7704716435185184 0.007378472222222222 0.010271990740740741
купон 1.8121383101851853 1.5029658564814816 1.5733506944444444 0.006510416666666667 0.007450810185185185
желательно 2.0353009259259256 1.4866898148148149 1.6785300925925926 0.007450810185185185 0.009114583333333334
печатными 2.5397858796296298 1.712745949074074 2.1259403935185186 0.008391203703703703 0.009910300925925925
министром 2.4483506944444446 1.5016637731481481 1.8915653935185186 0.008174189814814815 0.010561342592592593
труда 1.6923466435185184 1.2525318287037037 1.3179976851851851 0.005859375 0.007595486111111111
тянется 1.8577835648148147 1.4339554398148149 1.5823929398148149 0.006944444444444444 0.008246527777777778
целый 3.252361051450935 2.7419153004486443 2.9520772181653303 0.013023070589919817 0.01445864356624666
шлейф 1.5529513888888888 1.2340856481481481 1.3113425925925926 0.005859375 0.006944444444444444
финансовых 2.2838541666666665 1.5192418981481481 1.8084490740740742 0.008101851851851853 0.010199652777777778
не 12.130338839967543 10.717186903398243 10.920796642325316 0.050057124618174874 0.05524681414662084
промывать 3.009982638888889 1.3403501157407407 2.3877314814814814 0.010633680555555556 0.013382523148148147
манную 2.505859375 1.5912905092592593 1.9772858796296298 0.008029513888888888 0.010271990740740741
крупу 1.6213831018518519 1.3500434027777777 1.4308449074074074 0.006076388888888889 0.007016782407407408
перед 1.2934027777777777 1.1809895833333333 1.2192563657407407 0.005570023148148149 0.005931712962962962
тем 0.564380787037037 0.5471643518518519 0.5471643518518519 0.0028211805555555555 0.002893518518518519
как 1.829571759259259 1.6733940972222223 1.7142650462962965 0.007957175925925927 0.00853587962962963
варить 1.6807725694444444 1.3369502314814816 1.4915364583333333 0.006799768518518518 0.007595486111111111
ее 2.646397867745323 2.428304129677358 2.4569499630106915 0.011250417621229476 0.012116235920198549
нас 2.4348234953703702 1.806712962962963 1.9483506944444444 0.00925925925925926 0.011140046296296295
сказал 1.7476128472222223 1.109375 1.3253038194444444 0.006438078703703704 0.007957175925925925
что 4.227575231481482 3.8345630787037033 3.8987268518518516 0.019097222222222224 0.02076099537037037
русский 1.4555121527777777 1.1741898148148149 1.2578125 0.005787037037037038 0.006727430555555556
солдат 1.523292824074074 1.314308449074074 1.3546006944444444 0.006148726851851851 0.006944444444444444
омоет 2.8328269675925926 1.6439525462962963 1.9817708333333333 0.007740162037037037 0.011140046296296297
сапоги 2.4912471064814814 1.5779079861111112 1.7406684027777777 0.007016782407407408 0.010344328703703703
в 8.39268457195682 7.694060932208826 7.782240909060679 0.036931904315641056 0.039601697175511236
индийском 2.2671440972222223 1.511863425925926 1.813946759259259 0.007740162037037037 0.009620949074074075
знал 3.714916087962963 2.7063802083333335 3.114728009259259 0.01316550925925926 0.015407986111111112
их 0.9524016203703705 0.6340422453703703 0.7171585648148148 0.0032552083333333335 0.004267939814814815
особенно 2.0662615740740744 1.3761574074074074 1.6051793981481481 0.007595486111111111 0.009910300925925925
злило 2.421585648148148 1.7450086805555556 2.0383391203703702 0.007233796296296297 0.008680555555555556
то 2.983796296296296 2.532407407407407 2.5827546296296293 0.011574074074074075 0.013020833333333336
я 2.1511583768852613 1.949596473487018 1.9713340313573882 0.009162311473844978 0.00999196079133257
никуда 1.7899305555555556 1.2102141203703705 1.3983651620370372 0.006582754629629629 0.008318865740740741
волгограде 3.2422598379629632 1.4879918981481481 2.2930410879629632 0.009910300925925925 0.013671875
себе 4.996408457426499 4.0299919160462006 4.159144264270714 0.020165139366170294 0.02389986636120657
диетические 2.6006944444444446 1.529441550925926 1.8779658564814814 0.008608217592592593 0.011646412037037037
овощные 2.3873697916666665 1.5874565972222223 1.8900462962962965 0.007740162037037037 0.009693287037037037
блюда 1.1098090277777777 0.9592013888888888 1.007957175925926 0.004774305555555556 0.00535300925925926
сытные 2.196976273148148 1.5504195601851851 1.7518807870370372 0.007161458333333333 0.008969907407407407
и 7.0586916302341915 6.573805456771848 6.6414205710807455 0.030958029235825565 0.03276806501669857
восхитительные 2.8859230324074074 1.5515046296296295 2.0855034722222223 0.00904224537037037 0.01265914351851852
на 11.347970957426496 10.039228802739595 10.350079198883162 0.047407467067583045 0.05202591041428026
многие 1.7450810185185184 1.4308449074074074 1.5111400462962963 0.006944444444444444 0.008174189814814815
настоящие 2.1771556712962963 1.4875578703703705 1.7845052083333333 0.0078125 0.009476273148148147
шедевры 1.8436053240740742 1.4722222222222223 1.6370804398148149 0.007016782407407408 0.007957175925925925
вам 0.6918402777777778 0.619212962962963 0.6599392361111112 0.0028211805555555555 0.002965856481481481
помогут 1.7063078703703705 1.2261284722222223 1.3985098379629628 0.006510416666666667 0.007884837962962963
зоркий 2.269169560185185 1.6535011574074074 1.8963396990740742 0.006944444444444444 0.00853587962962963
глаз 1.113425925925926 0.9416232638888888 1.0275607638888888 0.004629629629629629 0.004991319444444444
терпение 2.474826388888889 1.6589265046296295 1.972945601851852 0.008029513888888888 0.010127314814814815
придерживаются 2.837384259259259 1.5140335648148149 2.291232638888889 0.01048900462962963 0.012803819444444444
удалось 1.4837962962962963 1.0418113425925926 1.1419994212962963 0.005642361111111111 0.007233796296296297
вскрыть 1.949725115740741 1.3719618055555556 1.5785590277777777 0.006944444444444444 0.00875289351851852
банку 1.4822048611111112 1.1780960648148149 1.2154224537037037 0.005570023148148149 0.006872106481481482
об 0.619140625 0.5412326388888888 0.5412326388888888 0.0026041666666666665 0.0030381944444444445
острый 4.263527199074074 2.914858217592593 3.3723958333333335 0.01417824074074074 0.01808449074074074
край 3.018518518518518 2.542028356481482 2.6255063657407405 0.011791087962962962 0.013599537037037038
бампера 2.044704861111111 1.5047019675925926 1.7660590277777777 0.007306134259259259 0.008608217592592593
своего 1.6843894675925926 1.3453414351851851 1.5044126157407407 0.006582754629629629 0.007161458333333333
иной 1.5891927083333333 1.3078703703703705 1.3473668981481481 0.005497685185185185 0.00636574074074074
воскресеньям 2.4388020833333335 1.2534722222222223 1.9478443287037035 0.009910300925925925 0.012225115740740741
музыканты 2.1460503472222223 1.5091869212962963 1.8215422453703702 0.007884837962962963 0.009331597222222222
исполнявшие 2.676142939814815 1.5485387731481481 2.0186631944444446 0.008969907407407407 0.011501736111111112
сонату 1.8602430555555556 1.4546440972222223 1.504050925925926 0.006438078703703704 0.008029513888888888
собирались 2.8377459490740744 1.6608072916666667 2.2142650462962963 0.009331597222222222 0.011935763888888888
точки 1.5112123842592593 1.2565104166666667 1.3415075231481481 0.005787037037037038 0.006438078703703704
ста 1.3358651620370372 1.181640625 1.2287326388888888 0.005208333333333333 0.005787037037037038
такие 2.8741319444444446 2.276982060185185 2.4663628472222223 0.011284722222222222 0.012803819444444444
микробы 1.6584201388888888 1.2432725694444444 1.4105179398148149 0.006221064814814815 0.007306134259259259
которые 2.7881944444444446 2.264033564814815 2.383608217592593 0.011501736111111112 0.013237847222222222
могут 1.2133246527777777 1.0826822916666667 1.0956307870370372 0.005208333333333333 0.005714699074074073
жить 2.5076678240740744 2.1788194444444446 2.2434895833333335 0.009837962962962962 0.011067708333333334
при 0.7306857638888888 0.6187065972222222 0.6351273148148148 0.0030381944444444445 0.0033275462962962963
температуре 1.6116898148148149 1.2233072916666667 1.4311342592592593 0.007016782407407408 0.007667824074074074
выше 1.4032118055555556 1.2026909722222223 1.2323495370370372 0.005135995370370371 0.005787037037037038
установили 1.9699074074074074 1.2841435185185184 1.875072337962963 0.00904224537037037 0.009476273148148147
камеру 1.4612991898148149 1.2552083333333333 1.3004918981481481 0.006148726851851851 0.006872106481481482
новый 1.8245804398148147 1.4055989583333333 1.5479600694444444 0.006727430555555556 0.007957175925925925
штатив 1.5313223379629628 1.3315972222222223 1.4839409722222223 0.006148726851851851 0.00636574074074074
приступили 2.3242910879629632 1.5335648148148149 2.040509259259259 0.009114583333333334 0.01048900462962963
к 1.567318639762606 1.502714629308195 1.502714629308195 0.007100717577981937 0.0073863711077214395
появилась 3.0080183276059564 1.4688573883161513 1.9139461626575027 0.008233104238258878 0.012242268041237113
сидела 1.5375143184421534 1.1465492554410082 1.2963201603665522 0.006156930126002291 0.0074455899198167235
кресле 1.22143470790378 1.0554839633447881 1.1446878579610538 0.0050114547537227945 0.0053694158075601375
молодая 2.174541809851088 1.4227520045819013 1.6081042382588775 0.007230813287514319 0.009879725085910653
мурка 1.763316151202749 1.4180269186712486 1.5526918671248569 0.006658075601374571 0.007731958762886598
урчала 1.9049971363115692 1.5194730813287514 1.6479095074455898 0.007016036655211912 0.008018327605956471
у 1.3455247532503838 1.2521497296298245 1.2790771672715477 0.00544517814284935 0.0057315774247843464
нее 1.1632302405498283 1.0350801832760594 1.046033791523482 0.004581901489117984 0.005083046964490263
никак 1.648983390607102 1.121635166093929 1.3749284077892325 0.006658075601374571 0.008018327605956471
суметь 2.1084621993127146 1.3094931271477663 1.4601947308132877 0.006586483390607102 0.00959335624284078
испечь 2.3228092783505154 1.5974369988545247 1.8112113402061856 0.007517182130584192 0.009664948453608248
такой 3.9392845850038185 2.6653668205899197 2.915475700410462 0.013241575983199694 0.017701174112256586
торт 1.4804553264604812 1.2086197021764034 1.2204324169530354 0.005297823596792668 0.006586483390607102
тогда 3.891565393518519 2.4774305555555554 2.734230324074074 0.013237847222222222 0.018735532407407406
речи 1.6812714776632303 1.11397479954181 1.2917382588774342 0.006300114547537228 0.008018327605956471
ученого 2.3271048109965635 1.4635595647193584 1.6788373424971363 0.007302405498281787 0.010237686139747995
прозвучало 2.125787514318442 1.4143757159221078 1.7911655211912942 0.008018327605956471 0.009450171821305843
неявное 2.191938717067583 1.4090778923253149 1.5555555555555556 0.006371706758304696 0.009020618556701032
сопоставление 3.2913087056128294 1.570446735395189 2.311569301260023 0.009521764032073311 0.013674112256586483
с 4.152406393184422 3.862020928789614 3.9026748639748 0.01789581543528064 0.019158001026155017
другим 2.3727806414662087 1.5325744558991983 1.6856386025200458 0.006801260022909508 0.009736540664375716
знаменитым 3.3404925544100803 1.5773911798396334 2.1195589919816724 0.008447880870561282 0.013745704467353952
злые 1.8709490740740742 1.2862413194444444 1.3205295138888888 0.006076388888888889 0.008608217592592593
подсолнечным 2.939959490740741 1.6025028935185184 2.279803240740741 0.009837962962962963 0.012369791666666666
люблю 1.3672598379629628 0.9982638888888888 1.2038483796296295 0.005931712962962962 0.006655092592592593
салат 1.6732494212962963 1.2321325231481481 1.3197337962962963 0.006293402777777778 0.007884837962962963
из 4.024955120937264 3.4259274022108843 3.5603490528155706 0.01591730442176871 0.017786281179138323
картошки 2.1625434027777777 1.4017650462962963 1.7018229166666667 0.007884837962962963 0.010127314814814815
зеленью 2.2364728009259256 1.666015625 1.841724537037037 0.007306134259259259 0.009114583333333334
заправленный 2.5808738425925926 1.6115451388888888 2.1268084490740744 0.009403935185185185 0.011646412037037037
пахучим 2.3234953703703702 1.6864872685185184 1.9205005787037035 0.007667824074074074 0.009186921296296297
попадались 3.5737847222222223 1.6757089120370372 2.3632089120370368 0.009548611111111112 0.01417824074074074
уши 1.3016493055555556 1.0936776620370372 1.1395399305555556 0.004701967592592593 0.005425347222222222
еще 4.744443400391371 3.6130030844310803 3.8828423300878194 0.015500459383352424 0.018742989929362353
увижу 1.4192708333333333 1.0766059027777777 1.2412471064814816 0.005787037037037038 0.006510416666666667
здесь 3.050202546296296 2.411096643518518 2.6373697916666665 0.012008101851851853 0.013888888888888888
хоть 1.3264612268518519 1.1255063657407407 1.2120949074074074 0.005497685185185185 0.006076388888888889
соринку 1.7789351851851853 1.412109375 1.6745515046296295 0.006799768518518518 0.007306134259259259
тебе 2.819733796296296 2.3344184027777777 2.492404513888889 0.01077835648148148 0.01244212962962963
берегу 1.5564236111111112 1.1271701388888888 1.1762876157407407 0.005497685185185185 0.007161458333333333
озера 3.757543816137566 2.566457919973545 2.8112643494897958 0.01223840230536659 0.016157938869992443
появляются 2.6533564814814814 1.4699074074074074 1.9232494212962965 0.008246527777777778 0.011284722222222222
русалки 2.048828125 1.5033275462962963 1.6879340277777777 0.007233796296296297 0.00882523148148148
рукавом 2.226779513888889 1.2804542824074074 1.5830439814814816 0.007016782407407408 0.009693287037037037
рубашки 2.013310185185185 1.4693287037037037 1.6663773148148149 0.007016782407407408 0.008318865740740741
виднелся 2.129267939814815 1.5115017361111112 1.8226273148148147 0.007667824074074074 0.008969907407407407
тонкий 3.7398003472222223 2.8381799768518516 3.2229456018518516 0.01417824074074074 0.01642071759259259
ремешок 1.994068287037037 1.4950810185185184 1.6772280092592593 0.007233796296296297 0.008391203703703703
мужских 2.1480034722222223 1.7168692129629628 1.7923900462962965 0.006727430555555556 0.008174189814814815
вторичном 3.0402922453703702 1.4244068287037037 2.1066261574074074 0.009331597222222222 0.013237847222222222
рынке 2.3224103009259256 1.4315682870370372 1.5347945601851851 0.006221064814814815 0.009331597222222222
жилья 2.118778935185185 1.2890625 1.4857494212962963 0.006582754629629629 0.00904224537037037
розетки 2.6964699074074074 1.5427517361111112 1.789134837962963 0.007450810185185185 0.011140046296296297
заклеивают 3.0227864583333335 1.6631944444444444 2.1419994212962963 0.008463541666666666 0.012369791666666666
обоями 2.312789351851852 1.4508101851851851 1.6388888888888888 0.006799768518518518 0.009548611111111112
во 0.32429108796296297 0.3136574074074074 0.32429108796296297 0.0013020833333333333 0.0013020833333333333
время 3.7679398148148144 2.7436342592592595 2.889467592592593 0.011863425925925925 0.015552662037037038
досадой 1.8372395833333333 1.3501157407407407 1.568504050925926 0.006944444444444444 0.008101851851851853
хмурила 2.189670138888889 1.5347222222222223 1.8226996527777777 0.0078125 0.009259259259259259
брови 0.8453414351851852 0.7918836805555556 0.8051215277777778 0.00390625 0.004123263888888889
оглядываясь 3.130353009259259 1.6011284722222223 2.4483506944444446 0.010127314814814815 0.01273148148148148
летнего 2.7582465277777777 1.5983072916666667 2.043258101851852 0.008391203703703703 0.011501736111111112
лесу 1.9616608796296298 1.212890625 1.5316840277777777 0.007306134259259259 0.008969907407407407
ветром 2.7567274305555554 1.4476273148148149 1.7489872685185184 0.007667824074074074 0.011791087962962963
трепало 2.9785879629629632 1.6548755787037037 1.95703125 0.008029513888888888 0.012080439814814815
сухие 4.269827313621612 3.187673014509355 3.3114417776345935 0.012520433610156548 0.016411022814051164
стебли 2.1817129629629632 1.5490451388888888 1.6651475694444444 0.006727430555555556 0.008969907407407407
растений 1.9181857638888888 1.3919270833333333 1.5918692129629628 0.006944444444444444 0.00853587962962963
почерневшие 3.179470486111111 1.6457609953703705 2.428240740740741 0.010271990740740741 0.013527199074074075
от 2.804600535671396 2.4496925913224086 2.523816438341401 0.011415902439061943 0.012722748963837467
шкаф 1.3179976851851851 0.9658564814814815 1.0366030092592593 0.005135995370370371 0.006438078703703704
орехового 2.3292100694444446 1.4956597222222223 1.695457175925926 0.00708912037037037 0.009765625
дерева 1.5865885416666667 1.2401620370370372 1.2741608796296295 0.005859375 0.007233796296296297
был 6.0193765936883095 4.9819501788028155 5.103950461998245 0.024763788545550922 0.028689348767293836
явно 1.3960503472222223 1.1087239583333333 1.2190393518518519 0.00535300925925926 0.006221064814814815
была 7.532335069444445 6.111038773148149 6.4295428240740735 0.029947916666666668 0.03501157407407408
страшной 2.003616898148148 1.3223379629629628 1.7065248842592593 0.007378472222222222 0.008463541666666666
лопоухая 3.0857928240740744 1.7573784722222223 2.619646990740741 0.010054976851851853 0.011935763888888888
гнилыми 2.611834490740741 1.8543113425925926 2.273943865740741 0.008608217592592593 0.010054976851851853
привале 2.645479024943311 1.2503543083900226 1.7755102040816326 0.007794784580498866 0.011337868480725623
качестве 1.6506799768518519 1.1210214120370372 1.3489583333333333 0.006872106481481482 0.007957175925925925
примера 1.8309461805555556 1.2886284722222223 1.4365596064814816 0.006799768518518518 0.008391203703703703
приводится 2.7875434027777777 1.5219184027777777 1.9874855324074074 0.00853587962962963 0.012152777777777778
жирность 2.5587384259259256 1.5819589120370372 1.8068576388888888 0.007595486111111111 0.010850694444444444
куриного 2.810763888888889 1.6961082175925926 2.236689814814815 0.008680555555555556 0.011067708333333334
только 4.414570357245132 3.548425418814433 3.697202236063383 0.017442398100420007 0.020965331471935855
мне 1.8590207677071402 1.4663181020904925 1.5037160831901488 0.007198000190912561 0.008711877147766323
хотелось 3.428096064814815 2.3178985001431847 2.6534653613020236 0.01288510643375334 0.015686151680030545
сгущенки 2.272121993127148 1.7850801832760597 2.024341351660939 0.0078035509736540665 0.008877434135166094
папа 1.3060567010309279 1.1837056128293242 1.2200028636884308 0.005441008018327606 0.005798969072164949
привозил 1.9922680412371134 1.4293384879725086 1.7058276059564719 0.00758877434135166 0.008805841924398625
стоило 1.8200887743413514 1.3634020618556701 1.4891895761741123 0.006586483390607102 0.008089919816723941
журчание 2.3777488425925926 1.5126591435185184 1.8462818287037035 0.008174189814814815 0.010633680555555556
водяных 2.0811631944444446 1.564597800925926 1.78125 0.006944444444444444 0.008174189814814815
струй 1.2285879629629628 1.0685763888888888 1.0797164351851851 0.004991319444444444 0.005714699074074073
мы 2.244239810042001 1.9346922429839633 1.9725973355765558 0.009018381300114547 0.010317481624665904
непременно 2.3672598379629632 1.3736255787037037 1.8151041666666667 0.00853587962962963 0.01099537037037037
подумаем 2.448712384259259 1.4845920138888888 1.7162181712962963 0.007378472222222222 0.010633680555555556
о 0.38599760762695684 0.38599760762695684 0.38599760762695684 0.0016518411130202366 0.0016518411130202366
юный 1.6994047619047619 1.305201247165533 1.3717403628117912 0.0060232426303854876 0.0075113378684807264
котел 2.399884259259259 1.3187934027777777 1.8470775462962965 0.00882523148148148 0.01099537037037037
бросают 2.3028790509259256 1.4717881944444444 1.8116319444444444 0.007957175925925925 0.010416666666666666
куски 1.8604600694444444 1.4575376157407407 1.5290798611111112 0.00636574074074074 0.007523148148148148
баранины 2.511501736111111 1.5572193287037037 1.9921875 0.008246527777777778 0.010344328703703703
специи 2.5928096064814814 1.8092447916666667 2.2296006944444446 0.008101851851851853 0.009620949074074075
турист 1.4396967120181408 1.13031462585034 1.200751133786848 0.005668934240362812 0.006590136054421769
пашки 2.066767939814815 1.1200086805555556 1.5855034722222223 0.007884837962962963 0.009693287037037037
обгорели 2.817853009259259 1.5218460648148149 1.9834346064814814 0.00853587962962963 0.01171875
ресницы 2.4929832175925926 1.5850694444444444 1.7497829861111112 0.007016782407407408 0.010271990740740741
щеки 1.879412615740741 1.2825520833333333 1.3141637731481481 0.005280671296296296 0.007450810185185185
ходит 2.067853009259259 1.4735966435185184 1.6023582175925926 0.006727430555555556 0.008680555555555556
намазанный 2.974320023148148 1.5850694444444444 2.0614149305555554 0.008680555555555556 0.01244212962962963
кремом 1.9566695601851853 1.4659288194444444 1.5989583333333333 0.006799768518518518 0.008463541666666666
вручил 2.194090136054422 1.5106292517006803 1.6465419501133787 0.007015306122448979 0.009282879818594105
вскрыл 1.9843213058419247 1.281786941580756 1.5493986254295533 0.006872852233676976 0.008805841924398625
пачку 1.9853951890034365 1.4342067583046965 1.5997279495990837 0.0070876288659793805 0.008877434135166094
сухарей 1.8348367697594503 1.2631729667812142 1.4086483390607103 0.006658075601374571 0.008304696449026346
заварил 2.5262027491408934 1.7106958762886597 1.9418671248568156 0.007373997709049255 0.009879725085910653
чай 1.8555373592019855 1.6597237137266132 1.7063048873615883 0.008065309994272622 0.008856553073692248
достал 1.9813860252004583 1.4495274914089347 1.602520045819015 0.007302405498281787 0.008877434135166094
чашки 1.8528064146620846 1.3292525773195876 1.3982674684994274 0.0057273768613974796 0.00758877434135166
товарищам 2.392077664399093 1.469387755102041 1.7906037414965985 0.007936507936507936 0.010345804988662131
единственным 2.1527777777777777 1.3957609953703705 1.5456452546296295 0.007161458333333333 0.009476273148148147
сын 2.392541956018518 1.8175636574074072 1.9860026041666667 0.009584780092592594 0.011393229166666666
гриша 2.0104890046296298 1.3217592592592593 1.4686776620370372 0.006727430555555556 0.009259259259259259
умер 1.298683449074074 1.0873842592592593 1.1370081018518519 0.005280671296296296 0.005931712962962962
бездетным 3.136429398148148 1.7800202546296298 2.463179976851852 0.009548611111111112 0.01244212962962963
младший 2.3106915509259256 1.5651041666666667 1.7997685185185186 0.007450810185185185 0.009620949074074075
остался 1.904369212962963 1.3797743055555556 1.5681423611111112 0.007016782407407408 0.008391203703703703
ведро 2.0793650793650795 1.461734693877551 1.623299319727891 0.006660997732426304 0.008432539682539682
болотах 2.323382016036655 1.1907932416953035 1.7025343642611683 0.007731958762886598 0.010380870561282932
очень 3.9289953784943097 3.024150328029417 3.223606877777372 0.015169742085252612 0.018460587853289787
неопытным 2.647754137115839 1.4387559101654845 1.652556146572104 0.007757092198581559 0.01174645390070922
дипломатом 2.58983451536643 1.6880171394799055 1.986406619385343 0.007830969267139479 0.010121158392434987
большим 2.585254137115839 1.6180555555555556 1.8283096926713946 0.007830969267139479 0.011081560283687944
мои 1.4092881944444444 1.0541811342592593 1.1789641203703705 0.005425347222222222 0.006293402777777778
обязанности 1.8616898148148147 1.2568721064814816 1.4840856481481481 0.007523148148148148 0.009331597222222222
входило 1.917462384259259 1.3872974537037037 1.5116464120370372 0.006872106481481482 0.008680555555555556
утром 1.4586226851851851 1.1895254629629628 1.2274305555555556 0.005931712962962962 0.007016782407407408
включить 2.6851128472222223 1.6375144675925926 1.8845486111111112 0.007595486111111111 0.011067708333333334
рубильник 2.5636574074074074 1.5495515046296295 1.7970196759259258 0.007523148148148148 0.01070601851851852
забрать 2.306929976851852 1.4056712962962963 1.5900607638888888 0.006872106481481482 0.009765625
завершения 2.0117910879629632 1.2120949074074074 1.5668402777777777 0.007523148148148148 0.009476273148148147
техосмотра 2.6329571759259256 1.6110387731481481 2.1634837962962963 0.008897569444444444 0.010850694444444444
эксперты 2.2573784722222223 1.5404369212962963 2.0023871527777777 0.008680555555555556 0.009765625
называют 4.796585648148148 3.129412615740741 3.694372106481482 0.015046296296296299 0.019675925925925923
цену 1.251808449074074 1.0855758101851851 1.0975839120370372 0.005135995370370371 0.005787037037037038
по 1.6198640046296298 1.5184461805555556 1.5184461805555556 0.006727430555555556 0.0070891203703703715
которой 1.7670717592592593 1.2957175925925926 1.3308738425925926 0.006438078703703704 0.008463541666666666
можно 3.0129484953703702 2.299768518518518 2.456669560185185 0.010850694444444444 0.013454861111111112
австралию 2.043330439814815 1.2605613425925926 1.5627893518518519 0.007523148148148148 0.009620949074074075
миссионеры 2.451678240740741 1.6002604166666667 2.0457899305555554 0.008680555555555556 0.010416666666666666
расспрашивали 3.166304976851852 1.566550925925926 2.5955584490740744 0.011212384259259259 0.013744212962962963
жителей 1.9679542824074074 1.4718605324074074 1.570167824074074 0.006872106481481482 0.008608217592592593
про 0.5724103009259259 0.5172887731481481 0.5491174768518519 0.0026041666666666665 0.0027488425925925927
пещеру 2.4597077546296298 1.4775752314814816 2.04296875 0.008463541666666666 0.010271990740740741
которую 2.8534432870370368 2.2630208333333335 2.353153935185185 0.011935763888888888 0.014033564814814813
цветастое 3.3194444444444446 1.5417390046296295 2.2118778935185186 0.009548611111111112 0.014322916666666666
покрывало 2.1328125 1.5840567129629628 1.886791087962963 0.007667824074074074 0.008608217592592593
она 3.1791043217831234 2.5262109524150436 2.7017252231290567 0.012544297680412372 0.014490710910652923
осторожно 2.1322337962962963 1.355613425925926 1.6694155092592593 0.007667824074074074 0.009620949074074075
присела 1.9205005787037035 1.4933449074074074 1.6911168981481481 0.007450810185185185 0.008463541666666666
своей 3.6686197916666665 2.631655092592593 2.949146412037037 0.012297453703703705 0.015190972222222222
он 2.777560763888889 2.560546875 2.5806568287037037 0.012008101851851853 0.012876157407407407
первые 1.7686631944444444 1.3729745370370372 1.4864004629629628 0.006148726851851851 0.007306134259259259
почти 1.3388310185185184 1.0817418981481481 1.2391493055555556 0.005931712962962962 0.006510416666666667
изменилась 1.9132667824074074 1.2641059027777777 1.6551649305555556 0.007595486111111111 0.008680555555555556
слегка 1.2798032407407407 1.1219618055555556 1.1514756944444444 0.005642361111111111 0.006221064814814815
пополнела 2.0695167824074074 1.5366753472222223 1.8211805555555556 0.007667824074074074 0.00875289351851852
появились 2.2031973379629632 1.5283564814814816 1.7531828703703705 0.007378472222222222 0.009331597222222222
ловил 1.6999421296296295 1.4303385416666667 1.5187355324074074 0.006221064814814815 0.007016782407407408
написал 2.065077319587629 1.5448883161512026 1.7935996563573882 0.007731958762886598 0.008877434135166094
взял 1.3359822451317296 1.1666666666666667 1.2586626575028637 0.005655784650630011 0.005942153493699885
карандаш 1.4947021764032073 1.1595790378006872 1.3051975945017182 0.005942153493699885 0.006729667812142039
подвинул 2.142683276059565 1.5483963344788085 1.9151632302405497 0.007946735395189003 0.008877434135166094
чистый 1.3873138602520045 1.1751861397479955 1.2742697594501717 0.006156930126002291 0.006729667812142039
лист 0.6639461626575028 0.6350229095074456 0.6350229095074456 0.003293241695303551 0.003436426116838488
рыбу 0.5657552083333334 0.5437644675925926 0.5437644675925926 0.0028211805555555555 0.002965856481481481
коллекционирование 3.5030381944444446 1.2972366898148149 2.9987702546296298 0.013888888888888888 0.01591435185185185
раритетных 3.0796440972222223 1.6871383101851851 2.4688946759259256 0.009982638888888888 0.012225115740740741
машин 1.302734375 1.1343315972222223 1.1561776620370372 0.005280671296296296 0.005859375
занятие 1.745949074074074 1.3663917824074074 1.5101996527777777 0.006438078703703704 0.007161458333333333
для 3.7081163194444446 3.1401909722222223 3.2398003472222223 0.014973958333333334 0.016999421296296294
звезд 2.2722800925925926 1.6564670138888888 1.8978587962962965 0.007161458333333333 0.00882523148148148
быстро 3.314380787037037 2.5112123842592595 2.890480324074074 0.013527199074074073 0.015697337962962965
продуктами 2.5938223379629632 1.4781539351851851 1.8773871527777777 0.008101851851851853 0.01070601851851852
питания 1.7598379629629628 1.3273292824074074 1.466652199074074 0.006293402777777778 0.007378472222222222
является 1.7737991898148149 1.4032841435185184 1.5112123842592593 0.006799768518518518 0.008029513888888888
одной 1.3004195601851851 1.0978732638888888 1.1098090277777777 0.00535300925925926 0.006076388888888889
самых 0.9574652777777778 0.8233506944444444 0.845775462962963 0.004484953703703704 0.004918981481481482
прибыльных 1.9523292824074074 1.4156539351851851 1.6000434027777777 0.007378472222222222 0.00882523148148148
отраслей 2.2683738425925926 1.6613136574074074 1.9596354166666667 0.007306134259259259 0.00853587962962963
воровали 2.6613136574074074 1.5051359953703705 1.9817708333333333 0.008608217592592593 0.011357060185185185
ресторана 2.1315104166666665 1.4123263888888888 1.5836950231481481 0.006655092592592593 0.009186921296296297
атрибутику 2.6759259259259256 1.5729166666666667 2.2547019675925926 0.009403935185185185 0.010923032407407407
скульптурки 3.880497685185185 1.6032262731481481 3.039279513888889 0.012514467592592593 0.015842013888888888
кувшинчики 3.245876736111111 1.8267505787037035 2.519820601851852 0.009765625 0.01273148148148148
оставался 2.8306128293241692 1.4437285223367697 2.037514318442154 0.009020618556701032 0.012313860252004582
футболист 1.5038659793814433 1.230168957617411 1.362757731958763 0.006514891179839634 0.007159221076746849
который 5.610108820160367 4.5991276190817105 4.776222138697977 0.02360603999618175 0.02750259521764032
получил 1.628508018327606 1.2847938144329898 1.3707760595647194 0.0064432989690721655 0.00758877434135166
растяжение 2.337485681557846 1.5790378006872852 1.999570446735395 0.008376288659793814 0.009808132875143184
власти 3.1673013017850327 2.4724877100038185 2.6164432393088966 0.011876103713249332 0.014387797107674686
позволяют 2.2932416953035513 1.3916093928980526 1.7338201603665522 0.008018327605956471 0.010380870561282932
излишества 2.077963917525773 1.4212485681557847 1.6590063001145474 0.007230813287514319 0.009450171821305843
создавая 2.1795532646048112 1.4198883161512026 1.7832903780068727 0.007875143184421535 0.009521764032073311
иллюзию 2.095933562428408 1.491623711340206 1.7336053837342495 0.00758877434135166 0.009235395189003437
благополучного 3.147265177548683 1.4009163802978235 2.2298109965635735 0.009808132875143184 0.013316151202749142
коврик 2.076533564814815 1.51953125 1.6749855324074074 0.007306134259259259 0.00904224537037037
твердой 2.1209490740740744 1.5105613425925926 1.7629484953703705 0.007233796296296297 0.008897569444444444
пластмассы 2.2264901620370368 1.4781539351851851 1.9015480324074074 0.008318865740740741 0.009910300925925925
пригодится 2.597439236111111 1.5381221064814816 2.1248553240740744 0.008969907407407407 0.010923032407407407
подставка 2.6182725694444446 1.5164930555555556 2.034866898148148 0.008318865740740741 0.01070601851851852
было 8.214012236302024 6.536224167143948 7.0297025641943485 0.03138870990836197 0.036441181032836965
родители 1.5631510416666667 1.2010995370370372 1.2669994212962963 0.006221064814814815 0.007595486111111111
пригрозили 2.6536458333333335 1.5717592592592593 2.1592158564814814 0.008969907407407407 0.011140046296296297
взять 2.0253182870370368 1.2673611111111112 1.3927951388888888 0.006221064814814815 0.009114583333333334
собой 3.0569299768518516 2.5826822916666665 2.6726707175925926 0.013093171296296297 0.014756944444444444
маша 2.1747685185185186 1.9900173611111112 2.041015625 0.009910300925925925 0.010633680555555556
лень 1.2723524305555556 1.0793547453703705 1.1140769675925926 0.00535300925925926 0.006148726851851851
внимания 1.8995225694444444 1.2426215277777777 1.578269675925926 0.007523148148148148 0.008897569444444444
наблюдателя 2.4113136574074074 1.4425636574074074 1.8751446759259258 0.00875289351851852 0.011212384259259259
должна 1.3234953703703705 1.1587818287037037 1.2176649305555556 0.005570023148148149 0.006076388888888889
ускользать 1.871383101851852 1.3819444444444444 1.6137152777777777 0.007523148148148148 0.008680555555555556
даже 2.7612847222222223 2.322265625 2.4134114583333335 0.010706018518518517 0.01222511574074074
малейшая 2.2413194444444446 1.4937789351851851 1.7555700231481481 0.007740162037037037 0.009620949074074075
идти 1.1467737268518519 0.9929832175925927 1.0342881944444444 0.005135995370370371 0.005642361111111111
стоянку 1.8966290509259258 1.3971354166666667 1.6430844907407407 0.00708912037037037 0.008174189814814815
сметать 2.6863425925925926 1.5847077546296295 2.1099537037037037 0.00853587962962963 0.010923032407407407
снег 2.9093180245322645 2.253138870990836 2.4022326329228716 0.010371921534936998 0.012322063526155022
раскинувшийся 3.312210648148148 1.4602864583333333 2.6419994212962963 0.011646412037037037 0.014539930555555556
вдоль 1.5676359953703705 1.3207465277777777 1.4152199074074074 0.006438078703703704 0.007161458333333333
реки 2.1051577713344787 1.8599880083046965 1.8845821699599083 0.008842383781977853 0.009916266943489882
состоял 1.9426359953703702 1.4342447916666667 1.6760706018518519 0.007450810185185185 0.008680555555555556
двух 1.5302372685185184 1.3413628472222223 1.3935908564814816 0.005787037037037038 0.006293402777777778
лед 0.995418098510882 0.6952319587628866 0.7217926689576174 0.0035796105383734244 0.004653493699885452
каждом 1.2877604166666667 0.911964699074074 1.1169704861111112 0.005931712962962962 0.006655092592592593
углу 1.1631221064814816 1.0425347222222223 1.08984375 0.005425347222222222 0.005787037037037038
комнаты 1.4396701388888888 1.1751302083333333 1.3324652777777777 0.006582754629629629 0.00708912037037037
сидели 1.7646846064814816 1.4098668981481481 1.5250289351851851 0.006872106481481482 0.0078125
две 1.5466579861111112 1.337745949074074 1.4137731481481481 0.005787037037037038 0.00636574074074074
но 1.34048435113593 1.2742481326365025 1.2856051928216876 0.005904865883925163 0.006192726231386025
потребуется 2.9093605324074074 1.3196614583333333 2.0397135416666665 0.009476273148148147 0.013310185185185185
врач 1.2497106481481481 1.1008391203703705 1.1189236111111112 0.005208333333333333 0.005859375
будет 2.8523582175925926 2.133101851851852 2.222800925925926 0.01048900462962963 0.013310185185185185
лечить 1.7160734953703705 1.2496383101851851 1.2856626157407407 0.005787037037037038 0.007740162037037037
заболевших 2.7303240740740744 1.5124421296296295 1.8104021990740742 0.007884837962962963 0.011863425925925925
моего 1.377097800925926 1.0541811342592593 1.273582175925926 0.006582754629629629 0.007016782407407408
отца 0.9652777777777778 0.9064670138888888 0.9270833333333334 0.004701967592592593 0.004918981481481482
счет 1.3763744212962963 1.1069155092592593 1.1875 0.005280671296296296 0.006148726851851851
швейцарском 1.9058159722222223 1.3479456018518519 1.5420283564814816 0.007233796296296297 0.00882523148148148
банке 0.7901475694444444 0.7296006944444444 0.7296006944444444 0.003689236111111111 0.00390625
берегах 1.9698596792668956 1.3448596792668956 1.4533218785796107 0.0064432989690721655 0.008662657502863689
денег 1.6107531500572738 1.2202892325315005 1.304410080183276 0.006300114547537228 0.00758877434135166
обороте 2.2109106529209623 1.4999284077892325 1.8821592210767468 0.008304696449026346 0.009736540664375716
выросло 2.0879868270332187 1.5415234822451316 1.707689003436426 0.007373997709049255 0.0090922107674685
благодаря 1.9037084765177548 1.4651345933562427 1.6131872852233675 0.007302405498281787 0.008662657502863689
союзу 1.8449312714776633 1.2845074455899197 1.3983390607101949 0.006156930126002291 0.007875143184421535
американским 2.873138602520046 1.493127147766323 2.105884879725086 0.009235395189003437 0.012671821305841924
этих 1.570446735395189 1.051045246277205 1.1068871706758303 0.005083046964490263 0.006872852233676976
перемен 1.9752290950744558 1.2869415807560136 1.4017754868270333 0.006300114547537228 0.008805841924398625
будут 1.3868127147766325 1.1262886597938144 1.1369558991981672 0.005441008018327606 0.006514891179839634
обсуждаться 2.274484536082474 1.375 1.7951746849942727 0.0078035509736540665 0.009808132875143184
париже 1.7956758304696452 1.4221076746849943 1.5755297823596792 0.007016036655211912 0.008089919816723941
летом 1.7052548682703321 1.3567439862542956 1.41487686139748 0.006013745704467354 0.007230813287514319
будущего 2.330970790378007 1.4586197021764034 1.8200171821305844 0.007731958762886598 0.009736540664375716
микросхемы 3.5049913194444446 1.5656828703703705 2.3433159722222223 0.010344328703703703 0.015263310185185184
даст 1.3507667824074074 1.107421875 1.1330295138888888 0.004918981481481482 0.005859375
возможность 2.0496238425925926 1.4022714120370372 1.5562065972222223 0.007233796296296297 0.009476273148148147
уменьшить 2.2498553240740744 1.5630063657407407 1.7763310185185184 0.007740162037037037 0.009693287037037037
вес 1.2431278935185184 1.0493344907407407 1.064453125 0.00441261574074074 0.005280671296296296
бытовой 2.837890625 1.511863425925926 1.8677662037037035 0.008174189814814815 0.012152777777777778
есть 2.465256896716304 2.0937127123902255 2.1665503293241692 0.010152670389461625 0.01145177071401298
свои 1.3752170138888888 1.0966435185185184 1.1254340277777777 0.005063657407407407 0.006076388888888889
актуальные 1.6383101851851851 1.1059751157407407 1.2533275462962963 0.005931712962962962 0.007667824074074074
ловко 1.5108506944444444 1.101417824074074 1.3765914351851851 0.00636574074074074 0.006944444444444444
гораздо 1.9411512027491409 1.3266036655211915 1.4446592210767468 0.006371706758304696 0.008376288659793814
позволим 2.4421534936998857 1.3787943871706758 1.801045246277205 0.008089919816723941 0.010595647193585337
этим 1.5070160366552119 1.1822021764032073 1.281643757159221 0.0057273768613974796 0.006729667812142039
людям 1.3553837342497137 1.0624284077892325 1.100229095074456 0.0052262313860252 0.0064432989690721655
уйти 0.9707903780068727 0.8752863688430699 0.8752863688430699 0.004009163802978236 0.004438717067583047
наши 1.0569158075601375 0.8898911798396334 0.9282646048109966 0.004223940435280641 0.0047250859106529215
проекты 1.9882588774341352 1.3286798396334478 1.5456042382588775 0.006944444444444444 0.0090922107674685
станут 1.825458190148912 1.325458190148912 1.456257159221077 0.0064432989690721655 0.007875143184421535
поддел 2.415798611111111 1.6671730324074074 1.906177662037037 0.007233796296296297 0.009331597222222222
признает 2.3841869212962963 1.2333622685185184 1.8913483796296298 0.008897569444444444 0.010923032407407407
право 1.677589699074074 1.3379629629629628 1.4165219907407407 0.00636574074074074 0.007595486111111111
каждого 1.8762297453703702 1.3407841435185184 1.4775028935185184 0.006944444444444444 0.00875289351851852
так 1.8773148148148147 1.7352430555555556 1.746166087962963 0.00831886574074074 0.008969907407407406
ему 5.4191127338678875 4.346552536750668 4.547820613783887 0.019633418050782742 0.023164554696449027
концом 2.478009259259259 1.6752025462962963 1.8786892361111112 0.007378472222222222 0.009982638888888888
судов 2.3814380787037037 1.4229600694444444 1.5959924768518519 0.006799768518518518 0.010054976851851853
узкой 3.183376736111111 2.2962239583333335 2.5461516203703702 0.011863425925925927 0.014539930555555556
они 4.69508579133257 3.7704276441389846 3.9415285533600612 0.01782347747231768 0.021142820494463536
ничего 2.9969618055555554 2.2863136574074074 2.422019675925926 0.011646412037037038 0.014467592592592591
ножа 1.6019965277777777 1.2098524305555556 1.2902199074074074 0.005714699074074073 0.007161458333333333
эта 1.867115162037037 1.226707175925926 1.2923177083333333 0.005714699074074073 0.008101851851851853
новой 2.000506365740741 1.4535590277777777 1.5318287037037037 0.006727430555555556 0.00882523148148148
замочки 2.620876736111111 1.6441695601851851 1.962601273148148 0.007884837962962963 0.010344328703703703
научная 2.146990740740741 1.5188078703703705 1.6022858796296295 0.006582754629629629 0.00875289351851852
утро 1.0077401620370372 0.8406394675925926 0.8523582175925926 0.004484953703703704 0.005208333333333333
самый 3.1000434027777777 2.523654513888889 2.6430121527777777 0.01222511574074074 0.014322916666666666
верх 1.7724247685185184 1.2023292824074074 1.4137731481481481 0.006221064814814815 0.007667824074074074
крыши 1.9877025462962965 1.4788773148148149 1.7209924768518519 0.007233796296296297 0.008463541666666666
мгу 0.6759982638888888 0.6265914351851852 0.6265914351851852 0.0031105324074074073 0.0032552083333333335
поднимается 1.8030960648148147 1.3344184027777777 1.5535300925925926 0.007378472222222222 0.008463541666666666
симпатичная 2.0363859953703702 1.5078125 1.7335792824074074 0.007523148148148148 0.008897569444444444
играли 1.8140750286368845 1.3102806414662085 1.3874570446735395 0.00622852233676976 0.007946735395189003
похоронах 2.4004868270332187 1.4654209621993128 1.8943298969072164 0.007731958762886598 0.009664948453608248
разгружали 3.1975229095074456 1.567081901489118 2.125930698739977 0.009163802978235968 0.013888888888888888
вагоны 2.1544243986254297 1.6357388316151202 1.7291666666666667 0.006872852233676976 0.00859106529209622
жили 2.0337199312714778 1.523553837342497 1.6116122565864834 0.0057273768613974796 0.007517182130584192
центре 2.926287615740741 2.353660300925926 2.603804976851852 0.012008101851851851 0.013527199074074073
нашего 1.9270833333333333 1.5209780092592593 1.7469618055555556 0.007016782407407408 0.007595486111111111
это 2.4212239583333335 1.8152488425925926 1.9031394675925926 0.008608217592592593 0.010850694444444444
кусочек 1.64453125 1.2526765046296295 1.4055266203703705 0.00636574074074074 0.007378472222222222
другого 2.0261140046296298 1.6211660879629628 1.8467881944444444 0.007378472222222222 0.008318865740740741
мира 0.5353732638888888 0.48517071759259256 0.5204716435185186 0.00267650462962963 0.0027488425925925927
находящийся 1.8973524305555556 1.4037181712962963 1.6922019675925926 0.007667824074074074 0.008463541666666666
самом 1.3763744212962963 1.2157841435185184 1.302879050925926 0.005859375 0.006148726851851851
фотоаппарат 1.9326533564814814 1.3659577546296295 1.7139033564814816 0.007957175925925925 0.008969907407407407
вся 0.8443287037037037 0.8041811342592592 0.8041811342592592 0.003761574074074074 0.00390625
семья 2.5972222222222223 2.179470486111111 2.276982060185185 0.010633680555555556 0.012152777777777778
поехала 1.7030526620370372 1.3747106481481481 1.478660300925926 0.006510416666666667 0.007523148148148148
парк 1.7212094907407407 1.4352575231481481 1.4788773148148149 0.006221064814814815 0.007233796296296297
росли 1.1815682870370372 1.0525173611111112 1.1414207175925926 0.005570023148148149 0.005787037037037038
превращаясь 2.2140480324074074 1.4743923611111112 1.7997685185185186 0.007957175925925925 0.009693287037037037
ласковых 2.794415509259259 1.638527199074074 2.037471064814815 0.008174189814814815 0.011140046296296297
стал 1.3929398148148149 1.0258969907407407 1.1730324074074074 0.005208333333333333 0.006076388888888889
плохо 1.5454282407407407 1.210792824074074 1.3238570601851851 0.006438078703703704 0.007450810185185185
спать 1.2507957175925926 1.0862268518518519 1.1069155092592593 0.005135995370370371 0.005642361111111111
капризничать 2.8508391203703702 1.5280671296296295 2.2996238425925926 0.01048900462962963 0.012803819444444444
детском 2.1984230324074074 1.6427951388888888 1.83203125 0.007016782407407408 0.008608217592592593
раскрыл 1.9286024305555556 1.3894675925925926 1.6399016203703705 0.0078125 0.008969907407407407
придать 1.970413773148148 1.3096064814814816 1.6067708333333333 0.007378472222222222 0.009114583333333334
объем 1.7412471064814816 1.4172453703703705 1.4484230324074074 0.006148726851851851 0.007595486111111111
тонким 1.9429976851851853 1.4767795138888888 1.599754050925926 0.00708912037037037 0.00875289351851852
волосам 1.1401909722222223 1.0808738425925926 1.091652199074074 0.004846643518518518 0.005063657407407407
нанесите 1.8699363425925926 1.5021701388888888 1.6388888888888888 0.007016782407407408 0.007884837962962963
них 1.32421875 1.1179108796296295 1.1335358796296295 0.004701967592592593 0.005497685185185185
лечебную 2.5845630787037037 1.5277054398148149 1.921947337962963 0.008391203703703703 0.010850694444444444
тебя 1.1401775486827033 0.9030641466208478 0.9871849942726231 0.0053694158075601375 0.005942153493699885
впереди 1.7053264604810996 1.311426116838488 1.4140177548682704 0.0064432989690721655 0.0078035509736540665
замечательный 2.123639747995418 1.3385595647193584 1.7313144329896906 0.008018327605956471 0.009879725085910653
день 1.530856242840779 1.3739977090492554 1.3843785796105383 0.006514891179839634 0.007016036655211912
полный 1.7151345933562427 1.3050544100801833 1.5018613974799542 0.006801260022909508 0.007731958762886598
приятных 2.1503436426116838 1.569372852233677 1.7639604810996563 0.007373997709049255 0.008877434135166094
рот 0.6550925925925926 0.5920862268518519 0.6165364583333334 0.002965856481481481 0.0031105324074074073
ехали 2.2564380787037037 1.5754484953703705 1.6521267361111112 0.006293402777777778 0.00882523148148148
брала 1.5295138888888888 1.1761429398148149 1.2443576388888888 0.006148726851851851 0.007450810185185185
меня 1.4232494212962963 1.0540364583333333 1.123046875 0.005425347222222222 0.006727430555555556
сдав 2.2117332175925926 1.3919994212962963 1.5808738425925926 0.006799768518518518 0.009403935185185185
молоко 1.6767216435185184 1.1318721064814816 1.201316550925926 0.005714699074074073 0.008101851851851853
смерти 1.9308449074074074 1.2617910879629628 1.5455729166666667 0.007233796296296297 0.00882523148148148
его 0.955222800925926 0.8581452546296297 0.8820891203703703 0.004123263888888889 0.004484953703703704
спасла 2.019892939814815 1.3073640046296295 1.5313223379629628 0.006655092592592593 0.008680555555555556
собака 1.3138020833333333 1.1637008101851851 1.2126012731481481 0.005859375 0.006438078703703704
приносившая 3.3687065972222223 1.4945746527777777 2.443721064814815 0.010561342592592593 0.014539930555555556
понял 1.2698206018518519 1.1310763888888888 1.2044270833333333 0.005570023148148149 0.005859375
огромному 1.783275462962963 1.1917679398148149 1.3884548611111112 0.006944444444444444 0.008463541666666666
расходу 2.1433015046296298 1.4785879629629628 1.7571614583333333 0.007306134259259259 0.008897569444444444
воды 1.2995515046296295 1.1406973379629628 1.1919849537037037 0.005714699074074073 0.006076388888888889
купали 3.1181278935185186 1.5806568287037037 2.0123697916666665 0.008174189814814815 0.01265914351851852
кто 0.9055266203703705 0.6936487268518519 0.7141927083333334 0.0033275462962962963 0.004195601851851851
желает 2.017939814814815 1.367042824074074 1.4418402777777777 0.006438078703703704 0.008969907407407407
невозможного 2.6202980324074074 1.5041956018518519 2.020037615740741 0.00853587962962963 0.011284722222222222
объяснят 3.4774305555555554 1.6535734953703705 2.1440972222222223 0.008680555555555556 0.013888888888888888
близок 2.6810619212962963 1.6051793981481481 1.7727864583333333 0.007523148148148148 0.011574074074074075
локоть 2.010127314814815 1.4555844907407407 1.5666232638888888 0.006655092592592593 0.00882523148148148
да 0.468822337962963 0.3860677083333333 0.3860677083333333 0.001591435185185185 0.0018084490740740743
самолете 2.186712485681558 1.3611111111111112 1.5749570446735395 0.006801260022909508 0.009306987399770905
летела 2.272694730813287 1.6024484536082475 1.8281786941580753 0.00766036655211913 0.009521764032073311
домой 1.0766036655211915 0.961053837342497 0.97143470790378 0.004510309278350516 0.005083046964490263
читать 1.989905498281787 1.4639175257731958 1.5082331042382588 0.006729667812142039 0.008519473081328752
образом 1.3739149305555556 1.1273148148148149 1.2167245370370372 0.006221064814814815 0.006872106481481482
узнал 1.4868344907407407 1.3249421296296295 1.363425925925926 0.005714699074074073 0.006293402777777778
чего 1.2946325231481481 1.0727719907407407 1.1470630787037037 0.005280671296296296 0.005931712962962962
надо 4.853949652777778 3.8614004629629637 4.052300347222222 0.01902488425925926 0.02249710648148148
ним 1.0752314814814816 0.8317418981481481 0.8589409722222222 0.0036168981481481486 0.004557291666666667
снова 1.5615596064814816 1.177589699074074 1.2570891203703705 0.005714699074074073 0.007233796296296297
прежняя 2.4246238425925926 1.5407986111111112 1.8425925925925926 0.007740162037037037 0.010127314814814815
нравится 1.3919994212962963 1.0238715277777777 1.1984953703703705 0.006148726851851851 0.006944444444444444
коллеги 2.015842013888889 1.4317129629629628 1.6988570601851851 0.007523148148148148 0.00904224537037037
недавно 1.6100260416666667 1.3025173611111112 1.4233217592592593 0.006582754629629629 0.007378472222222222
заходил 1.8862847222222223 1.400245949074074 1.5207609953703705 0.006799768518518518 0.008174189814814815
наш 2.754197839108438 2.3585352830278734 2.414377207426499 0.010220533839251623 0.01158526035700649
мамы 1.3524484536082475 1.071520618556701 1.2404782359679265 0.006300114547537228 0.006658075601374571
подруга 1.2382588774341352 0.9699312714776632 1.0720217640320735 0.005512600229095074 0.006300114547537228
которая 1.277348224513173 1.194372852233677 1.2451317296678122 0.006371706758304696 0.006514891179839634
живет 1.1472651775486828 1.0720217640320735 1.0995847651775488 0.005512600229095074 0.0057273768613974796
прямо 1.1762600229095073 1.0360108820160367 1.089418671248568 0.0052262313860252 0.005584192439862543
напротив 1.6750429553264605 1.3268900343642611 1.5503293241695304 0.0070876288659793805 0.00766036655211913
здания 2.1290807560137455 1.5475372279495991 1.8437142038946162 0.007373997709049255 0.008447880870561282
знак 1.8121383101851853 1.1864872685185184 1.3130063657407407 0.006004050925925927 0.008246527777777778
требовала 2.036892361111111 1.3969907407407407 1.775245949074074 0.008101851851851853 0.009259259259259259
красоты 1.7328559027777777 1.3699363425925926 1.5260416666666667 0.006510416666666667 0.007378472222222222
николай 1.8376736111111112 1.396484375 1.6159577546296295 0.00708912037037037 0.008029513888888888
фомин 1.7358940972222223 1.4528356481481481 1.550636574074074 0.006582754629629629 0.007306134259259259
украсил 1.8425202546296298 1.5047743055555556 1.6513310185185184 0.007233796296296297 0.008174189814814815
свой 1.1014901620370372 0.9785879629629629 1.0240885416666667 0.004557291666666667 0.004918981481481482
дом 1.8778935185185186 1.7099971064814816 1.73828125 0.007884837962962962 0.008608217592592594
помолчать 2.2094184027777777 1.4112413194444444 1.7026186342592593 0.007523148148148148 0.009693287037037037
старинных 2.6582187857961053 1.5881300114547539 2.01754009163803 0.008089919816723941 0.010667239404352807
углом 1.7804982817869417 1.0767468499427262 1.325816151202749 0.006371706758304696 0.008447880870561282
морской 2.7602376861397477 1.5808991981672393 1.8092067583046965 0.00758877434135166 0.011597938144329897
музей 1.5438144329896906 1.264819587628866 1.3046248568155785 0.005942153493699885 0.007016036655211912
бесчисленными 3.0455326460481102 1.4941294387170676 2.35237686139748 0.010237686139747995 0.013459335624284079
моделями 2.3489404352806416 1.4782359679266897 1.704324169530355 0.007517182130584192 0.010237686139747995
кораблей 2.0210481099656357 1.4561855670103094 1.6195589919816724 0.007159221076746849 0.009163802978235968
аварии 1.541237113402062 1.2812857961053838 1.364619129438717 0.0060853379152348225 0.006801260022909508
мобильный 2.0367268041237114 1.3141466208476518 1.685065864833906 0.00816151202749141 0.009808132875143184
телефон 1.204610538373425 1.0836197021764034 1.1436855670103094 0.005297823596792668 0.005655784650630011
отвлекал 1.8726374570446735 1.463774341351661 1.69852520045819 0.00758877434135166 0.008376288659793814
водителя 1.946663802978236 1.4652777777777777 1.7406930126002291 0.00758877434135166 0.008447880870561282
приложил 2.6171875 1.4118923611111112 2.1574797453703702 0.009259259259259259 0.01099537037037037
бросить 2.2280815972222223 1.4503038194444444 1.7622251157407407 0.007884837962962963 0.010127314814814815
дополнительные 2.5096209490740744 1.4696903935185184 1.922164351851852 0.00882523148148148 0.011646412037037037
занятия 1.745949074074074 1.4704137731481481 1.5070167824074074 0.00636574074074074 0.007378472222222222
школу 1.2928964120370372 1.0509982638888888 1.1063368055555556 0.005280671296296296 0.006221064814814815
ухо 1.3590856481481481 1.189308449074074 1.3156105324074074 0.005135995370370371 0.00535300925925926
главные 1.5842737268518519 1.202980324074074 1.3062065972222223 0.006076388888888889 0.007378472222222222
лекарства 1.5731336805555556 1.3135127314814816 1.4231770833333333 0.006655092592592593 0.007306134259259259
должны 1.3293547453703705 1.2176649305555556 1.2437065972222223 0.006004050925925927 0.006438078703703704
входить 1.5078848379629628 1.3346354166666667 1.3914207175925926 0.006510416666666667 0.007016782407407408
аптечку 1.6963252314814816 1.4282407407407407 1.4971064814814816 0.006655092592592593 0.007595486111111111
газовой 2.2461660879629632 1.3651620370370372 1.8601707175925926 0.008391203703703703 0.009910300925925925
плите 1.6015625 1.3042534722222223 1.3708043981481481 0.006148726851851851 0.007306134259259259
стояла 1.7315538194444444 1.4131944444444444 1.5067997685185184 0.006727430555555556 0.007667824074074074
открытая 1.9191984953703702 1.4390190972222223 1.5842013888888888 0.007161458333333333 0.008680555555555556
кастрюля 2.0604021990740744 1.525245949074074 1.7179542824074074 0.007450810185185185 0.008680555555555556
кипящей 2.197482638888889 1.5964265046296295 1.8078703703703702 0.006944444444444444 0.00853587962962963
принадлежит 2.212127720504009 1.2832187857961055 1.7155641466208478 0.008304696449026346 0.010595647193585337
числу 1.4921964490263457 1.2469931271477663 1.298754295532646 0.005942153493699885 0.006872852233676976
последних 2.2152777777777777 1.4664948453608249 1.755798969072165 0.007875143184421535 0.00995131729667812
свидетелей 2.5119558991981674 1.5778207331042384 1.8586769759450172 0.0078035509736540665 0.010738831615120275
страшных 2.343069873997709 1.6117554410080184 1.7767754868270333 0.007159221076746849 0.009664948453608248
событий 1.8427835051546393 1.4236111111111112 1.5650057273768614 0.00622852233676976 0.0074455899198167235
прошлого 2.1375286368843067 1.6371706758304696 1.8784364261168385 0.007016036655211912 0.00816151202749141
лестнице 1.9421296296296298 1.269386574074074 1.4263599537037037 0.006582754629629629 0.00875289351851852
сосед 1.6711516203703705 1.4100839120370372 1.5151909722222223 0.006799768518518518 0.007523148148148148
попросил 2.2220775462962963 1.4908130787037037 1.81640625 0.007740162037037037 0.009403935185185185
говорить 2.884403935185185 1.6103153935185184 2.114945023148148 0.00875289351851852 0.011791087962962963
до 0.3346354166666667 0.3058449074074074 0.3058449074074074 0.0013744212962962963 0.0015190972222222222
роман 1.1944444444444444 0.9515335648148149 1.0090422453703705 0.005063657407407407 0.005931712962962962
захватывает 2.521484375 1.4604311342592593 2.1802662037037037 0.009693287037037037 0.011284722222222222
читателя 1.681495949074074 1.4267216435185184 1.5421730324074074 0.006727430555555556 0.007450810185185185
первой 1.4097945601851851 1.2505787037037037 1.3098234953703705 0.005859375 0.00636574074074074
страницы 1.3127170138888888 1.1801215277777777 1.2715567129629628 0.005642361111111111 0.005859375
держит 1.7029079861111112 1.3990885416666667 1.4812644675925926 0.00636574074074074 0.007233796296296297
сделала 2.2551020408163267 1.1780753968253967 1.5932539682539681 0.007653061224489795 0.0104875283446712
вопросе 1.9580439814814814 1.2092737268518519 1.5073784722222223 0.007161458333333333 0.008969907407407407
послышался 2.753689236111111 1.5648148148148149 2.090205439814815 0.00904224537037037 0.012008101851851853
упрек 1.9964554398148147 1.476417824074074 1.5608362268518519 0.006727430555555556 0.008391203703703703
командиру 2.3446180555555554 1.5081018518518519 2.021195023148148 0.008318865740740741 0.009693287037037037
словно 1.5324797453703705 1.279152199074074 1.3370225694444444 0.005931712962962962 0.006872106481481482
виновником 2.4526909722222223 1.4816261574074074 1.830367476851852 0.008391203703703703 0.011140046296296297
шаг 1.0581774376417235 0.8411281179138322 0.8764172335600907 0.004322562358276644 0.005172902494331066
современном 2.1380208333333335 1.1945891203703705 1.8871527777777777 0.008680555555555556 0.009765625
обществе 1.681785300925926 1.2475405092592593 1.4662905092592593 0.006944444444444444 0.0078125
школа 1.2094907407407407 1.0685763888888888 1.0891203703703705 0.005208333333333333 0.005787037037037038
оказывают 1.8004195601851853 1.4084201388888888 1.5606192129629628 0.006727430555555556 0.007740162037037037
большое 1.5530960648148149 1.2246817129629628 1.3077256944444444 0.006076388888888889 0.007161458333333333
влияние 1.2835648148148149 1.0840567129629628 1.0983072916666667 0.005497685185185185 0.00636574074074074
навстречу 1.982922335600907 1.3340419501133787 1.6118197278911566 0.00744047619047619 0.009070294784580497
студент 1.2144820601851851 1.0490451388888888 1.1474247685185184 0.005642361111111111 0.005931712962962962
получает 1.6992910879629628 1.4192708333333333 1.5572916666666667 0.006944444444444444 0.007667824074074074
отличные 1.5397858796296295 1.3005642361111112 1.4225260416666667 0.00636574074074074 0.006944444444444444
оценки 1.2358217592592593 1.1784577546296295 1.1903211805555556 0.005497685185185185 0.005714699074074073
самого 1.4981192129629628 1.3482349537037037 1.3967737268518519 0.006076388888888889 0.006510416666666667
первого 1.6204427083333333 1.3823061342592593 1.5209780092592593 0.00708912037037037 0.007450810185185185
приехала 2.9739937641723357 1.6410856009070296 2.0847505668934243 0.008715986394557822 0.012471655328798186
числе 1.3828848379629628 0.9927662037037037 1.1572627314814816 0.006004050925925927 0.00708912037037037
возможных 1.890625 1.2783564814814816 1.5642361111111112 0.007306134259259259 0.008897569444444444
кандидатов 2.006221064814815 1.3686342592592593 1.65234375 0.007378472222222222 0.008969907407407407
депутата 2.185546875 1.4547164351851851 1.6775173611111112 0.007306134259259259 0.009620949074074075
партии 2.480685763888889 1.6401909722222223 1.9176070601851853 0.007523148148148148 0.009837962962962963
звонить 2.038015463917526 1.3825171821305842 1.561282932416953 0.006872852233676976 0.0090922107674685
если 2.172472347508591 1.6676674661130204 1.6921176975945018 0.00827188335242459 0.010713476040473464
откликается 4.418456471935853 1.5496849942726232 2.3848081328751434 0.010166093928980525 0.018828751431844218
спокойный 3.038230240549828 1.5975085910652922 1.8878865979381443 0.007946735395189003 0.013101374570446736
женский 2.2557273768613975 1.6252863688430699 1.6505584192439864 0.006371706758304696 0.008877434135166094
ней 1.1512896825396826 0.9509637188208617 0.9509637188208617 0.004464285714285715 0.005385487528344671
досталась 1.871166087962963 1.2915219907407407 1.5008680555555556 0.007161458333333333 0.00875289351851852
отдельная 1.986617476851852 1.4913194444444444 1.6396122685185184 0.00708912037037037 0.00853587962962963
комната 1.300925925925926 1.0883246527777777 1.1422887731481481 0.005714699074074073 0.006438078703703704
двухкомнатной 3.256221064814815 1.4811197916666667 2.704571759259259 0.01171875 0.01417824074074074
попросив 2.8329081632653064 1.6391014739229024 1.9688208616780045 0.008149092970521542 0.01225907029478458
тот 1.2305839002267573 0.9027777777777778 1.0870181405895691 0.005456349206349206 0.006094104308390022
момент 1.2322137188208617 0.90625 1.0157312925170068 0.0052437641723356 0.006164965986394558
атмосфера 2.0785856009070294 1.533092403628118 1.7718962585034013 0.007723922902494331 0.009141156462585034
наших 1.3923611111111112 1.1969246031746033 1.2984693877551021 0.006094104308390022 0.006590136054421769
посиделок 2.0761763038548753 1.5043225623582765 1.7880527210884354 0.007582199546485261 0.00892857142857143
внезапно 1.9411139455782314 1.5011337868480725 1.63109410430839 0.006873582766439909 0.008219954648526076
сильно 1.657171201814059 1.2703373015873014 1.3410572562358276 0.006164965986394558 0.007582199546485261
выслушать 2.6563208616780045 1.5853883219954648 1.9639314058956916 0.007936507936507936 0.011054421768707483
генерал 1.9117983963344787 1.400987972508591 1.5345074455899197 0.007016036655211912 0.00859106529209622
противник 2.4375 1.4914805269186713 1.9392182130584195 0.008304696449026346 0.0104524627720504
пробрался 3.3560996563573884 1.70983676975945 2.3063430698739977 0.008949026345933564 0.013244558991981674
командный 2.17024627720504 1.3898911798396334 1.6410366552119129 0.007517182130584192 0.00995131729667812
лизы 1.8345504009163802 1.3152920962199313 1.4072880870561282 0.006300114547537228 0.007946735395189003
украшало 1.8866695303550973 1.321520618556701 1.5211912943871706 0.007016036655211912 0.008662657502863689
ожерелье 1.6258591065292096 1.3235967926689576 1.4585481099656359 0.006729667812142039 0.00758877434135166
стоимостью 1.8135022909507446 1.4798825887743414 1.6584335624284077 0.007373997709049255 0.008089919816723941
тысяч 1.742339633447881 1.288946162657503 1.4784507445589918 0.006586483390607102 0.007731958762886598
ольгу 1.2710503472222223 1.0520109953703705 1.1328125 0.005642361111111111 0.006293402777777778
васильевну 1.8185040509259258 1.1668113425925926 1.4581163194444444 0.006727430555555556 0.008246527777777778
написано 1.636863425925926 1.193504050925926 1.3866464120370372 0.006799768518518518 0.007884837962962963
заявление 2.0417390046296298 1.4645543981481481 1.6823640046296295 0.007233796296296297 0.008969907407407407
ведет 1.5242332175925926 1.1593605324074074 1.2724971064814816 0.005931712962962962 0.00708912037037037
ты 1.0084635416666667 0.9187644675925927 0.929832175925926 0.004412615740740741 0.004846643518518519
хочешь 1.3563368055555556 1.0659722222222223 1.1533564814814816 0.005714699074074073 0.006510416666666667
чтобы 3.1377068716590304 2.375412400964108 2.6086262647957232 0.012085660080183276 0.01438854285987018
повторили 2.2277922453703702 1.4235387731481481 1.6266637731481481 0.007378472222222222 0.009693287037037037
вопрос 2.1974103009259256 1.5834780092592593 1.7056568287037037 0.007161458333333333 0.009331597222222222
или 1.7328559027777777 1.4470486111111112 1.4743923611111112 0.006438078703703703 0.007595486111111111
четыре 2.1122565864833907 1.293742840778923 1.5041523482245132 0.006729667812142039 0.009306987399770905
года 2.2156051629916 1.8600722783027872 1.9093650069205803 0.009135464394807178 0.010569545866743031
мог 0.9211053837342497 0.8019759450171821 0.8019759450171821 0.00379438717067583 0.004223940435280641
себя 1.2845074455899197 0.9523195876288659 1.0234822451317296 0.00479667812142039 0.006013745704467354
заставить 1.8956901489117983 1.3469358533791522 1.4584765177548684 0.006872852233676976 0.008662657502863689
сделать 3.9744684278350513 2.9507967616456665 3.3468620239117985 0.013812076412752958 0.016258889366170298
глухой 1.7175202546296295 1.4095775462962963 1.5319010416666667 0.006655092592592593 0.007595486111111111
предъявляет 2.6146556712962963 1.5473090277777777 2.1121238425925926 0.009186921296296297 0.011429398148148147
одинаковые 1.912109375 1.5015914351851851 1.7035590277777777 0.007595486111111111 0.008608217592592593
требования 1.7936921296296298 1.4866174768518519 1.5740017361111112 0.006944444444444444 0.007957175925925925
ко 0.624927662037037 0.5946903935185186 0.5946903935185186 0.002387152777777778 0.0025318287037037037
лес 0.5519386574074074 0.5415943287037037 0.5415943287037037 0.002965856481481481 0.0030381944444444445
ели 1.2621706758304696 1.002004581901489 1.1113258877434136 0.004581901489117984 0.0052262313860252
несчастные 2.465850515463918 1.5654352806414662 2.1576460481099655 0.009450171821305843 0.01095360824742268
дети 1.1340922107674685 1.0781786941580755 1.0781786941580755 0.005154639175257732 0.005441008018327606
были 3.2256176319683085 2.5362644377625045 2.7247212378293244 0.011873866456662848 0.014105902777777778
петляя 2.5337818287037037 1.6217447916666667 1.9445167824074074 0.0078125 0.009982638888888888
массаже 2.1796875 1.2687355324074074 1.7522424768518519 0.007957175925925925 0.009837962962962963
тело 1.4244068287037037 1.1430844907407407 1.1704282407407407 0.005425347222222222 0.006799768518518518
расслабляется 2.3137297453703702 1.3749276620370372 1.9880642361111112 0.009620949074074075 0.011284722222222222
исчезает 2.0001446759259256 1.452980324074074 1.6255787037037037 0.007306134259259259 0.008969907407407407
напряжение 2.3823784722222223 1.5379774305555556 1.9373553240740742 0.008318865740740741 0.010271990740740741
стабильнее 2.8809317129629632 1.4792390046296295 1.9535590277777777 0.00875289351851852 0.01294849537037037
экономическая 2.6982783564814814 1.5185908564814816 2.058232060185185 0.008897569444444444 0.011791087962962963
политическая 2.056929976851852 1.4231047453703705 1.7143373842592593 0.008029513888888888 0.009548611111111112
обстановка 1.8810040509259258 1.480324074074074 1.6978443287037037 0.007378472222222222 0.008246527777777778
люди 1.1710792824074074 1.0873119212962963 1.0982349537037037 0.004991319444444444 0.00535300925925926
выполняет 3.26953125 1.5780526620370372 2.0167100694444446 0.008318865740740741 0.013961226851851851
специалист 2.8603877314814814 1.4300491898148149 1.7458767361111112 0.0078125 0.012586805555555556
исполнителя 3.699146412037037 1.6265190972222223 2.6179108796296298 0.011140046296296297 0.015625
имеющий 2.1182725694444446 1.4267939814814816 1.5546151620370372 0.006727430555555556 0.009259259259259259
высокую 1.8792679398148147 1.3388310185185184 1.3742766203703705 0.006438078703703704 0.00875289351851852
защитного 2.0593171296296298 1.6390335648148149 1.8499710648148147 0.007233796296296297 0.008246527777777778
избежание 1.9663628472222223 1.2729311342592593 1.5910734953703705 0.007306134259259259 0.00875289351851852
ожогов 1.9482783564814814 1.4453125 1.681495949074074 0.006872106481481482 0.007884837962962963
нанести 1.4976851851851851 1.2594762731481481 1.3465711805555556 0.005859375 0.006655092592592593
лицо 1.2719907407407407 1.1812065972222223 1.2276475694444444 0.005497685185185185 0.005714699074074073
небольшое 1.5534577546296295 1.295066550925926 1.4126880787037037 0.006655092592592593 0.007306134259259259
количество 1.5915798611111112 1.3874421296296295 1.4228877314814816 0.006799768518518518 0.007595486111111111
обязательно 2.1493055555555554 1.4009693287037037 1.7083333333333333 0.008029513888888888 0.009910300925925925
предлагается 2.985821759259259 1.4911747685185184 2.1947337962962963 0.009765625 0.013382523148148147
установить 2.3893229166666665 1.5842013888888888 1.7961516203703702 0.007523148148148148 0.010127314814814815
ограничение 2.290726273148148 1.4875578703703705 1.8980758101851853 0.008101851851851853 0.009837962962962963
скорость 2.2254774305555554 1.5111400462962963 1.804615162037037 0.007740162037037037 0.009620949074074075
конверте 2.0852141203703702 1.1949508101851851 1.807146990740741 0.008897569444444444 0.010199652777777778
вместе 1.7084780092592593 1.3172743055555556 1.4009693287037037 0.006221064814814815 0.007595486111111111
деньгами 1.5210503472222223 1.1934317129629628 1.3113425925925926 0.006148726851851851 0.007016782407407408
обнаружена 1.3891782407407407 1.0986689814814816 1.1942274305555556 0.005859375 0.006727430555555556
записка 1.9288917824074074 1.5381221064814816 1.7472511574074074 0.007233796296296297 0.008029513888888888
поручайте 2.7319878472222223 1.2735098379629628 2.1398292824074074 0.009331597222222222 0.011646412037037037
используют 1.8025896990740742 1.1030092592592593 1.3759403935185184 0.006799768518518518 0.008608217592592593
этой 2.673828125 2.3092447916666665 2.4262152777777777 0.010344328703703705 0.011501736111111112
прически 1.8580005787037035 1.2701822916666667 1.4898726851851851 0.006655092592592593 0.008318865740740741
фен 1.2263454861111112 1.099609375 1.1126302083333333 0.004629629629629629 0.005208333333333333
мужу 1.4312065972222223 1.1257957175925926 1.1891637731481481 0.005425347222222222 0.006510416666666667
недалеко 2.0786082474226806 1.4120131729667813 1.7327462772050402 0.007875143184421535 0.009306987399770905
кухонной 2.0704467353951888 1.4784507445589918 1.8094931271477666 0.008018327605956471 0.0090922107674685
двери 1.1422537227949598 1.0531214203894617 1.082832187857961 0.00479667812142039 0.005083046964490263
сидел 2.052548682703322 1.5118127147766325 1.663802978235968 0.006944444444444444 0.008662657502863689
лис 1.2220074455899197 1.0836912943871706 1.1001575028636885 0.0047250859106529215 0.0052262313860252
треугольной 2.937356815578465 1.5348654066437573 2.2330326460481102 0.00995131729667812 0.012886597938144331
ухаживать 2.0638744212962963 1.4210069444444444 1.6453993055555556 0.007016782407407408 0.00875289351851852
сломанную 2.663845486111111 1.6007667824074074 1.960431134259259 0.00853587962962963 0.011357060185185185
может 1.0894097222222223 0.9008969907407407 0.9132667824074073 0.004629629629629629 0.005280671296296296
сильный 1.8619791666666667 1.4067563657407407 1.4718605324074074 0.006293402777777778 0.008246527777777778
вол 1.4443721064814816 1.2779947916666667 1.3187210648148149 0.005425347222222222 0.006004050925925927
впряжен 2.1328848379629632 1.291015625 1.7478298611111112 0.008318865740740741 0.010054976851851853
за 1.0380952594024437 0.9454385321210386 0.9760084061187475 0.004169500525009546 0.004456615120274914
директора 2.0386284722222223 1.1860532407407407 1.6921296296296295 0.008174189814814815 0.009548611111111112
школы 1.4225983796296295 1.1615306712962963 1.1976273148148149 0.006004050925925927 0.006944444444444444
нюх 1.2977430555555556 1.2233072916666667 1.2604166666666667 0.005280671296296296 0.005497685185185185
талантливых 2.922092013888889 1.4889322916666667 1.967303240740741 0.00853587962962963 0.012080439814814815
рыбками 1.7986111111111112 1.3505497685185184 1.4621672453703705 0.006293402777777778 0.007884837962962963
умел 1.3030045351473922 0.9953231292517007 1.0428004535147393 0.0050311791383219956 0.005952380952380952
любого 1.8473639455782314 1.3339002267573696 1.4824263038548753 0.006731859410430838 0.008290816326530613
сора 1.8329081632653061 1.3259637188208617 1.3717403628117912 0.0060232426303854876 0.007936507936507936
извлекать 2.8324121315192743 1.543721655328798 1.9579081632653061 0.008432539682539682 0.01197562358276644
порвал 2.465060763888889 1.5756655092592593 2.019892939814815 0.008318865740740741 0.010127314814814815
темноте 2.4779369212962963 1.3164785879629628 2.0121527777777777 0.008969907407407407 0.010923032407407407
иван 1.4504484953703705 1.2461660879629628 1.2461660879629628 0.005714699074074073 0.006655092592592593
задел 1.787181712962963 1.3200231481481481 1.4780815972222223 0.006510416666666667 0.0078125
сук 1.3053385416666667 1.1397569444444444 1.1897424768518519 0.005135995370370371 0.005714699074074073
чуть 1.4351851851851851 1.2513020833333333 1.3157552083333333 0.005714699074074073 0.006221064814814815
аквариуме 1.7217881944444444 1.3851273148148149 1.5013744212962963 0.006293402777777778 0.007306134259259259
сюжете 1.7740549828178693 1.220504009163803 1.526918671248568 0.007230813287514319 0.008447880870561282
этого 1.4494558991981672 1.2410509736540662 1.2649627720504009 0.005870561282932417 0.006729667812142039
фильма 0.8101374570446735 0.6849942726231386 0.6849942726231386 0.0037227949599083618 0.0043671248568155786
осы 1.6493413516609392 1.1851374570446735 1.341852806414662 0.005655784650630011 0.007016036655211912
устраивают 3.217067583046964 1.604810996563574 2.370847651775487 0.010237686139747995 0.013960481099656356
гнезда 1.9390750286368845 1.2771334478808705 1.5470360824742269 0.0070876288659793805 0.008877434135166094
багажнике 2.2220775462962963 1.2764033564814816 1.9094328703703702 0.009548611111111112 0.01077835648148148
лопата 2.0662615740740744 1.2785011574074074 1.4453125 0.006148726851851851 0.008680555555555556
лом 1.7859519675925926 1.3094618055555556 1.4184027777777777 0.005642361111111111 0.007233796296296297
легенда 1.4770688657407407 1.3113425925925926 1.3653067129629628 0.006510416666666667 0.007016782407407408
ноев 1.5904224537037037 1.2688078703703705 1.4773582175925926 0.006655092592592593 0.007233796296296297
ковчег 1.3376012731481481 1.1919849537037037 1.2935474537037037 0.006221064814814815 0.006438078703703704
вынесло 1.9929108796296298 1.5632957175925926 1.6929253472222223 0.007306134259259259 0.008608217592592593
вершину 2.1846788194444446 1.5831886574074074 1.8581452546296298 0.008174189814814815 0.009765625
нападок 2.5912181712962963 1.6145833333333333 1.9244791666666667 0.008101851851851853 0.010561342592592593
нахожусь 2.1957465277777777 1.4554398148148149 1.7529658564814816 0.007378472222222222 0.009259259259259259
буду 1.2706886574074074 1.0458622685185184 1.0562065972222223 0.004918981481481482 0.005787037037037038
предметом 2.5245949074074074 1.5305989583333333 2.1240596064814814 0.009186921296296297 0.010923032407407407
ярых 1.9047309027777777 1.3583622685185184 1.4846643518518519 0.006293402777777778 0.008101851851851853
замуж 1.1449652777777777 1.0598234953703705 1.0737123842592593 0.00535300925925926 0.005714699074074073
выплеснуть 2.1867042824074074 1.5621383101851851 1.9678819444444444 0.00853587962962963 0.009548611111111112
бежевый 3.082537615740741 1.4499421296296295 2.1375144675925926 0.009259259259259259 0.012803819444444444
юлин 2.349103009259259 1.6105324074074074 1.818287037037037 0.007306134259259259 0.009548611111111112
пиджак 1.6002604166666667 1.3797019675925926 1.4853153935185184 0.006510416666666667 0.00708912037037037
вязаную 2.696903935185185 1.5907841435185184 1.9363425925925926 0.007740162037037037 0.01077835648148148
шапочку 1.6584924768518519 1.3428096064814816 1.4314236111111112 0.006004050925925927 0.006944444444444444
знайте 1.6940827546296295 1.3646556712962963 1.4890769675925926 0.006872106481481482 0.0078125
лучше 1.8679108796296298 1.3433883101851851 1.4408275462962963 0.006582754629629629 0.008318865740740741
шапка 2.3765190972222223 1.5295138888888888 1.6856192129629628 0.007378472222222222 0.010199652777777778
цвета 2.310836226851852 1.546875 1.6337528935185184 0.006944444444444444 0.009910300925925925
хаки 2.088107638888889 1.4108072916666667 1.5550491898148149 0.00636574074074074 0.008680555555555556
надеялась 2.4698350694444446 1.3305121527777777 1.972583912037037 0.008969907407407407 0.011140046296296297
факультете 1.5601092896174864 1.2924635701275047 1.3389116575591986 0.006261384335154827 0.0073998178506375235
студенты 2.0770719489981784 1.5612477231329691 1.6824908925318762 0.007172131147540984 0.008993624772313297
заметят 3.394011839708561 1.5140027322404372 1.9595856102003646 0.00819672131147541 0.013888888888888888
явный 2.673155737704918 1.5687613843351549 1.6894353369763206 0.006830601092896175 0.010701275045537341
крен 1.9420537340619306 1.365323315118397 1.4397768670309654 0.005578324225865209 0.0073998178506375235
сторону 1.9361338797814207 1.3208105646630237 1.457308743169399 0.006489071038251366 0.008424408014571949
обрести 1.8765914351851853 1.4351128472222223 1.5239438657407407 0.006582754629629629 0.008101851851851853
большой 2.0439091435185186 1.3248697916666667 1.5910734953703705 0.007523148148148148 0.009403935185185185
урон 1.2709056712962963 1.0557002314814816 1.1041666666666667 0.005063657407407407 0.005931712962962962
здоровью 1.95703125 1.4419849537037037 1.6469907407407407 0.007233796296296297 0.00853587962962963
вечеринки 1.702980324074074 1.3267505787037037 1.4571035879629628 0.006872106481481482 0.007957175925925925
спокойствие 1.8915653935185186 1.4494357638888888 1.5954137731481481 0.007306134259259259 0.00875289351851852
запись 2.357060185185185 1.2607783564814816 1.6714409722222223 0.007523148148148148 0.010271990740740741
голоса 2.6417100694444446 1.5147569444444444 1.7044270833333333 0.007233796296296297 0.011067708333333334
барса 2.4110966435185186 1.5607638888888888 1.7745225694444444 0.00708912037037037 0.009476273148148147
наткнулся 2.6961805555555554 1.6440972222222223 2.110821759259259 0.00875289351851852 0.011284722222222222
совершенно 1.9920428240740742 1.46875 1.6462673611111112 0.007161458333333333 0.008608217592592593
уютный 2.1334635416666665 1.6095920138888888 1.8564091435185186 0.007306134259259259 0.008608217592592593
хочется 1.5324797453703705 1.1838107638888888 1.3175636574074074 0.006438078703703704 0.007450810185185185
заплести 2.6587818287037037 1.5514322916666667 2.073929398148148 0.008608217592592593 0.01099537037037037
бант 2.0955584490740744 1.4495081018518519 1.5036168981481481 0.006148726851851851 0.00853587962962963
косу 1.7670717592592593 1.3729745370370372 1.478515625 0.005714699074074073 0.006872106481481482
надеть 1.7185329861111112 1.4245515046296295 1.5500578703703705 0.006510416666666667 0.007161458333333333
красивое 2.1182002314814814 1.5331307870370372 1.7816116898148147 0.007667824074074074 0.00904224537037037
два 1.1535011574074074 1.0203993055555556 1.1067708333333333 0.004846643518518518 0.005063657407407407
накопилась 2.1807002314814814 1.3587962962962963 1.8781105324074074 0.008463541666666666 0.009765625
уйма 1.4308449074074074 1.1357060185185184 1.2171585648148149 0.00535300925925926 0.006148726851851851
вопросов 1.2951388888888888 1.0905671296296295 1.1472077546296295 0.005425347222222222 0.006148726851851851
крепкую 2.4647714120370368 1.7133246527777777 2.0149739583333335 0.007595486111111111 0.009331597222222222
прописал 1.9725115740740742 1.310691550925926 1.5543258101851851 0.007306134259259259 0.009186921296296297
заживляющую 3.0774016203703702 1.5559172453703705 2.4822771990740744 0.01048900462962963 0.012876157407407407
мазь 1.2640335648148149 1.0499855324074074 1.1264467592592593 0.005208333333333333 0.005859375
обработки 2.6466290509259256 1.4742476851851851 2.318648726851852 0.009837962962962963 0.011212384259259259
успевала 2.7064719358533793 1.32918098510882 1.7658934707903782 0.008089919816723941 0.011454753722794959
убраться 2.6973797250859106 1.6048825887743414 1.8955469644902634 0.0074455899198167235 0.010882016036655211
разморозить 3.668456471935853 1.6152634593356243 2.7845074455899197 0.011239977090492554 0.014819587628865979
фарш 1.4357101947308133 1.2035366552119129 1.2346792668957616 0.005512600229095074 0.006514891179839634
приготовить 2.05090206185567 1.4705756013745706 1.8130011454753725 0.008233104238258878 0.009450171821305843
ужин 1.2349656357388317 1.144401489117984 1.1825601374570447 0.0052262313860252 0.005512600229095074
всем 1.6004438717067582 1.33483676975945 1.4511741122565864 0.005655784650630011 0.006300114547537228
слезал 3.9025630011454755 1.3714203894616266 2.0635022909507446 0.009020618556701032 0.01575028636884307
щупал 3.7387600229095077 1.7832903780068727 2.0077319587628866 0.007731958762886598 0.01439003436426117
стога 2.9239690721649487 1.7546534936998854 2.029209621993127 0.007517182130584192 0.010882016036655211
узнать 1.4613402061855671 1.214848224513173 1.2395475372279496 0.0057273768613974796 0.006801260022909508
деревнях 2.814236111111111 1.3641493055555556 2.2325665509259256 0.010416666666666666 0.012586805555555556
мяли 2.770037615740741 1.7388599537037037 2.1220341435185186 0.007306134259259259 0.009693287037037037
лен 1.9197048611111112 1.3920717592592593 1.5061487268518519 0.006148726851851851 0.008029513888888888
дороги 2.0145399305555554 1.4895109953703705 1.685402199074074 0.007378472222222222 0.008969907407407407
оставались 2.603515625 1.5113570601851851 1.990162037037037 0.008680555555555556 0.011212384259259259
другом 1.7652633101851851 1.4016203703703705 1.4951533564814816 0.006438078703703704 0.0078125
обнаружив 1.8587239583333333 1.1952401620370372 1.5201822916666667 0.007378472222222222 0.008897569444444444
досье 1.7805989583333333 1.327980324074074 1.5484664351851851 0.006510416666666667 0.007450810185185185
сыщики 1.9074797453703702 1.4976851851851851 1.6448206018518519 0.006655092592592593 0.007740162037037037
решили 1.775390625 1.398292824074074 1.5599681712962963 0.006944444444444444 0.007957175925925925
рыть 1.4694733796296295 1.1796875 1.2209201388888888 0.005135995370370371 0.006148726851851851
ставить 2.3546006944444446 1.3773148148148149 1.5505642361111112 0.006727430555555556 0.009982638888888888
скворцы 2.5199372759856633 1.530689964157706 1.8432646356033453 0.007616487455197132 0.01045400238948626
начали 1.8012992831541217 1.2624701314217441 1.5170250896057347 0.006944444444444444 0.008213859020310634
вить 1.669205495818399 1.3549133811230585 1.432347670250896 0.006123058542413381 0.007168458781362007
семейные 2.19668458781362 1.611484468339307 1.908751493428913 0.008363201911589008 0.009707287933094385
неподалеку 2.0115740740740744 1.5255376344086022 1.8322879330943849 0.007915173237753884 0.008736559139784945
друг 2.8009313145869514 2.258218477872618 2.3624005407136437 0.010073716882828954 0.011735733904839325
виновницу 2.2591869212962963 1.5319010416666667 1.8190104166666667 0.007667824074074074 0.009403935185185185
случившегося 2.205295138888889 1.4927662037037037 1.913773148148148 0.008246527777777778 0.009548611111111112
приказали 2.658709490740741 1.6080729166666667 2.0692274305555554 0.008680555555555556 0.011284722222222222
сечь 1.6663773148148149 1.3570601851851851 1.3986545138888888 0.005859375 0.006727430555555556
хотя 1.3527922453703705 1.1495225694444444 1.2238136574074074 0.005208333333333333 0.005714699074074073
чем 1.4576822916666667 1.1843171296296295 1.218605324074074 0.004991319444444444 0.006004050925925927
целью 1.8578559027777777 1.2722077546296295 1.3637152777777777 0.006004050925925927 0.007957175925925925
нескрываемой 3.469430126002291 1.40922107674685 2.5995847651775486 0.01138316151202749 0.015105956471935852
едкой 2.3401345933562427 1.5344358533791522 1.7516466208476518 0.007016036655211912 0.009521764032073311
иронией 1.883089919816724 1.537729095074456 1.7056844215349372 0.007016036655211912 0.0078035509736540665
отзываются 2.9348510882016035 1.4768757159221078 2.2577319587628866 0.009450171821305843 0.012242268041237113
всей 2.1589988425925926 1.2910879629629628 1.5235098379629628 0.00636574074074074 0.008897569444444444
бродил 2.5909936998854524 1.5325744558991983 1.7182846506300116 0.007230813287514319 0.010810423825887743
среди 2.2040378006872854 1.417454180985109 1.640607101947308 0.006729667812142039 0.009235395189003437
берез 2.1354524627720504 1.4178121420389462 1.5975801832760594 0.007016036655211912 0.008949026345933564
жевал 2.506586483390607 1.6913659793814433 1.872995418098511 0.007230813287514319 0.00995131729667812
талый 2.53987686139748 1.718069873997709 1.9735824742268042 0.007373997709049255 0.009664948453608248
поглядывал 3.246635166093929 1.54581901489118 2.5344358533791524 0.010667239404352807 0.013888888888888888
тайги 2.5737847222222223 1.5988136574074074 1.8519965277777777 0.007233796296296297 0.009548611111111112
мопед 2.700810185185185 1.7144820601851851 2.117404513888889 0.0078125 0.010199652777777778
упал 1.8172019675925926 1.4338107638888888 1.5170717592592593 0.00636574074074074 0.007667824074074074
сугроб 1.9649884259259258 1.4847366898148149 1.6568287037037037 0.007306134259259259 0.00853587962962963
