word IA_DWELL_TIME IA_FIRST_FIXATION_DURATION IA_FIRST_RUN_DWELL_TIME IA_FIRST_RUN_FIXATION_COUNT IA_FIXATION_COUNT
просим 0.12703217176092998 0.11731680576183554 0.12522430685273056 0.12572441636994772 0.12831727005210444
вас 0.046341517545497465 0.045101599223323456 0.04426071506955544 0.05057878819480655 0.05237439593963447
разборчиво 0.18778720724587764 0.12607118681431242 0.16019835288195125 0.16618744692579296 0.19509462487513837
заполнять 0.20796732503946447 0.14185202174159917 0.16211927586461677 0.14740103988200767 0.18592910558570236
купон 0.14938892755530267 0.14023883972807416 0.14406922369991482 0.1300597410723597 0.13486406954455876
желательно 0.16778599120578 0.13872015373207777 0.15370033410265854 0.148846148116145 0.16497934720984858
печатными 0.20937468550024654 0.15981301478758297 0.1946689846122665 0.16763255515993028 0.17938230609324804
министром 0.20183695828656636 0.14011734484839444 0.1732076381852447 0.1632972304575183 0.1911665451796658
труда 0.1395135507626963 0.11687132453634326 0.12068695429022748 0.11705376696512373 0.13748278934154048
тянется 0.15315182777035977 0.1337996111050495 0.1448972077441672 0.13873039047718366 0.14926702842795825
целый 0.2681179062150285 0.2558428181913323 0.27031702126235707 0.26016417621381643 0.26170999703031783
шлейф 0.1280220947969038 0.11515014707421403 0.12007755803365773 0.11705376696512373 0.12569855025512272
финансовых 0.18827620537208156 0.14175752572407052 0.1655968088504768 0.161852122223381 0.1846197456872115
не 1.0 1.0 1.0 1.0 1.0
промывать 0.24813673208958298 0.12506547919918592 0.2186407786614615 0.2124309104181875 0.2422315812208094
манную 0.20657785475403134 0.14848024239968113 0.1810569269247573 0.16040701398924362 0.18592910558570236
крупу 0.133663463423598 0.12596994108124598 0.13102019516249724 0.12138909166753573 0.1270079101536136
перед 0.10662544507959008 0.11019585586949696 0.11164536852699145 0.11127333402857442 0.10736751167625065
тем 0.046526382690769676 0.05105484832762924 0.05010297048580026 0.05635922113135587 0.05237439593963447
как 0.15082610497499957 0.15614116953504065 0.15697252704554399 0.15896190575510633 0.15450446802192166
варить 0.13855940807742034 0.12474824256891114 0.13657762406751922 0.13584017400890902 0.13748278934154048
ее 0.2181635569013012 0.22658036587076621 0.22497900505613153 0.22475157546593566 0.21931103371939206
нас 0.20072180402315004 0.1685808952711354 0.17840737798314968 0.18497385396957827 0.2016414243675927
сказал 0.1440695820848891 0.10351363748711293 0.1213559653979834 0.12861463283822236 0.14402958883399478
что 0.3485125425806155 0.3577956709412081 0.35700022439221185 0.38150857381225517 0.3757862908668773
русский 0.1199894060652367 0.10956138260894738 0.11517589249168361 0.11560865873098641 0.12177047055965014
солдат 0.1255771041658841 0.12263558160559171 0.12403863370136113 0.12283419990167305 0.12569855025512272
омоет 0.2335323856130776 0.15339403531117163 0.18146760701070647 0.1546265810526943 0.20164142436759272
сапоги 0.2053732496138704 0.14723154502519523 0.1593902404547609 0.14017549871132104 0.1872384654841932
в 0.6918755265355206 0.7179179575350287 0.7126074373456736 0.7377951609755812 0.7168141328549977
индийском 0.1868986618702144 0.14106905473921885 0.16610022314938222 0.1546265810526943 0.17414486649928462
знал 0.30624998501467277 0.25252710741427725 0.28521069581935315 0.2630096986129941 0.27889365837855357
их 0.07851401621464671 0.059161256688481004 0.06566907051774508 0.06502987053617985 0.07725223401096083
особенно 0.17033832288889328 0.12840658839037794 0.1469837275356832 0.15173636458441966 0.17938230609324804
злило 0.19963050332686563 0.16282338791742468 0.1866474751915494 0.14451082341373303 0.15712318781890341
то 0.24597798426414605 0.23629404154596037 0.2364987385278969 0.23121731746197283 0.23568478172835514
я 0.17733703940713805 0.1819130795291844 0.18051192563344362 0.18303711097537356 0.18086039793742073
никуда 0.14755816627792936 0.11292274094675268 0.1280460764755427 0.13150484930649703 0.1505763883264491
волгограде 0.2672851831047152 0.1388416486117575 0.20997012975005058 0.1979798280768142 0.24746902081477287
себе 0.4118935607111094 0.37603075810578207 0.38084623315402444 0.40284254279457116 0.4326017116168571
диетические 0.21439586138151137 0.14270923561489493 0.1719623501826891 0.17196787986234227 0.21080694365702873
овощные 0.19680981901351854 0.14812250747617978 0.17306853686581034 0.1546265810526943 0.17545422639777547
блюда 0.09149035673439994 0.08950122803071969 0.09229703738090175 0.09537714345306379 0.09689263248832378
сытные 0.18111417184072875 0.14466665312084578 0.16041694066963388 0.14306571517959565 0.16236062741286686
и 0.5819039124428184 0.6133890839103873 0.6081443312789879 0.6184540057377814 0.5931213504861045
восхитительные 0.23790951518178113 0.14476789885391222 0.19096623996636986 0.18063852926716625 0.22913798223590082
на 0.9355032128234317 0.9367410397178313 0.9477403103331998 0.9470673241660832 0.9416997381280204
многие 0.14386086337248497 0.13350937333692578 0.1383726934754584 0.13873039047718366 0.14795766852946737
настоящие 0.17948020249219368 0.1388011503185309 0.16340430710129647 0.15607168928683166 0.17152614670230285
шедевры 0.1519830029808967 0.13737021062452545 0.14990485524380562 0.14017549871132104 0.14402958883399478
вам 0.05703387901237134 0.05777756500323987 0.060429587485715995 0.05635922113135587 0.053683755838125326
помогут 0.14066448537681048 0.11440767836506026 0.1280593242202507 0.1300597410723597 0.14272022893550393
зоркий 0.18706563684013766 0.15428499776215618 0.17364481376060997 0.13873039047718366 0.15450446802192166
глаз 0.0917885263235487 0.08786104715504361 0.0940921067888409 0.09248692698478912 0.09034583299586944
терпение 0.20401955967913513 0.1547912264274883 0.18065949458351618 0.16040701398924362 0.18331038578872064
придерживаются 0.233908079295405 0.14127154620535168 0.20980453294120008 0.20954069394991284 0.2317567020328825
удалось 0.12232109225237986 0.09720940317484351 0.10457107285289909 0.11271844226271174 0.1309359898490862
вскрыть 0.1607312987265208 0.12801510488918777 0.14454614250940417 0.13873039047718366 0.1584325477173943
банку 0.12218989763315442 0.1099258672479865 0.11129430329222845 0.11127333402857442 0.12438919035663186
об 0.05104067027048163 0.05050137165353279 0.04955981295277069 0.05202389642894388 0.054993115736616194
острый 0.35147634829675395 0.2719797875941064 0.30880492914436913 0.28324121389091667 0.3273399746227154
край 0.24884041231997397 0.23719175371248274 0.24041344708912218 0.23555264216438476 0.24615966091628202
бампера 0.16856123213756674 0.14040083290098043 0.16171521965102162 0.14595593164787032 0.15581382792041254
своего 0.1388575776665691 0.12553120957129146 0.13775667334653463 0.13150484930649703 0.1296266299505953
иной 0.13100975408017418 0.12203485692273094 0.12337624646595922 0.10982822579443709 0.11522367106719582
воскресеньям 0.20104979057121367 0.11695907083833416 0.17836101087667153 0.1979798280768142 0.22128182284495562
музыканты 0.1769159440255145 0.14081931526432165 0.16679572974655424 0.15751679752096898 0.16890742690532115
исполнявшие 0.22061567901115411 0.144491160516864 0.18484578191125622 0.17919342103302893 0.208188223860047
сонату 0.1533545830909809 0.13573002974884937 0.13772355398476455 0.12861463283822236 0.14533894873248562
собирались 0.2339378962543199 0.1549667190314701 0.20275673275652378 0.18641896220371557 0.21604438325099218
точки 0.12458121773812733 0.11724255889092015 0.12283971280528368 0.11560865873098641 0.11653303096568669
ста 0.11012595605619634 0.11025660330933683 0.11251309580536795 0.10404779285788776 0.10474879187926894
такие 0.23693748232115625 0.21246079598212397 0.22584092791028026 0.2254368845254235 0.2317567020328825
микробы 0.1367167200164811 0.11600736094750976 0.12915888703101788 0.12427930813581038 0.132245349747577
которые 0.22985297288298215 0.21125259690086465 0.21826321793728246 0.22977220922783548 0.23961286142382768
могут 0.10002397037583693 0.10102299245367886 0.10032517067397287 0.10404779285788776 0.10343943198077807
жить 0.20672693954860574 0.2033014319973814 0.2054327771875475 0.19653471984267687 0.20033206446910184
при 0.06023622039982883 0.05773031699447553 0.058157599268287445 0.06069454583376786 0.06023055533057964
температуре 0.13286436892467937 0.11414443945908755 0.13104669065191332 0.14017549871132104 0.13879214924003133
выше 0.1156778738061459 0.11222077053082548 0.11284428942306891 0.10260268462375044 0.10474879187926894
установили 0.16239508503397077 0.11982095022634509 0.17169739528852837 0.18063852926716625 0.17152614670230285
камеру 0.1204664774078747 0.11712106401124044 0.11908397718055487 0.12283419990167305 0.12438919035663186
новый 0.1504146309419743 0.13115372261424693 0.1417442445036541 0.1343950657747717 0.14402958883399478
штатив 0.12623904065379432 0.12424876361911677 0.13588211747034726 0.12283419990167305 0.11522367106719582
приступили 0.19160974137876452 0.14309396940054733 0.18684619136216996 0.1820836375013036 0.18985718528117493
к 0.12920650119010194 0.14021539820600767 0.13760119142629038 0.1418522864056756 0.13369768414371502
появилась 0.2479747983374556 0.13705624447497514 0.1752570096617031 0.16447417427707345 0.22159228962501015
сидела 0.1267494946947638 0.10698229542655978 0.11870197777902515 0.12299807815502883 0.13476957965497693
кресле 0.10069254651645396 0.09848516899617675 0.10481724872749948 0.10011471477734904 0.09718960071272376
молодая 0.17926472117055112 0.13275424021305163 0.14725155049828592 0.14445123132160365 0.1788288653114117
мурка 0.14536412992792105 0.13231335157751292 0.14217752770041958 0.13300954963276376 0.1399530250263222
урчала 0.1570440167784024 0.14177909697991284 0.15089645576393665 0.14016060068828864 0.14513647039766747
у 0.1109222727412274 0.11683567161013013 0.11712306429315578 0.10877928335644553 0.10374494010773501
нее 0.09589429082699398 0.09658133170635035 0.09578365258349457 0.09153345351071913 0.09200615534137847
никак 0.13593877404099902 0.10465760989371913 0.12590001012018434 0.13300954963276376 0.14513647039766747
суметь 0.1738172549942023 0.12218627322180484 0.13370771186728875 0.13157933942165875 0.17364541994006646
испечь 0.19148758406461222 0.1490537594663021 0.16584974517211892 0.15017207216602357 0.17494128128290276
такой 0.324746459020955 0.24870022745845516 0.2669654784259111 0.2645292969622931 0.3204017170162793
торт 0.12204566962157855 0.11277396886613687 0.11175305766825214 0.10583555562176898 0.11921924354094114
тогда 0.32081258774869736 0.23116425773726154 0.2503691272372129 0.2644548068471314 0.33912421370913315
речи 0.13860053703724312 0.10394283589367904 0.11828242033837472 0.1258584985772388 0.14513647039766747
ученого 0.19184169887564248 0.1365619147927044 0.15372846848832716 0.14588144153270863 0.1853081720255933
прозвучало 0.17524551806535768 0.1319726649045966 0.1640141813692732 0.16018354364375847 0.17105369725439382
неявное 0.18069888615522367 0.13147833522232588 0.14243975110082613 0.12728870878834378 0.16327852919737593
сопоставление 0.27132867012490114 0.14653535013905805 0.21166672880814957 0.1902179580769632 0.2475095164817365
с 0.34231577930064916 0.3603577098730107 0.35736173759058487 0.3575078587071496 0.3467711454874328
другим 0.19560711969959757 0.14300156092390665 0.15435124906429265 0.13586997005497373 0.17623714262573908
знаменитым 0.2753832847111976 0.14718332283068317 0.19408464981089185 0.1687648049103884 0.2488053778245728
злые 0.1542371650748612 0.12001669197694019 0.12091878982261815 0.12138909166753573 0.15581382792041254
подсолнечным 0.24236416884366335 0.1495264483080342 0.2087579611092651 0.1965347198426769 0.22390054264193734
люблю 0.11271406809000739 0.09314607442111099 0.11023448371558538 0.11849887519926106 0.12046111066115928
салат 0.13793921533199097 0.11496790475469447 0.12084592722672394 0.12572441636994772 0.14272022893550393
из 0.3318089604946298 0.3196666656176892 0.3260155068740005 0.31798279551976927 0.32194220524526335
картошки 0.17827559735203274 0.13079598769074557 0.1558332210006527 0.15751679752096898 0.18331038578872064
зеленью 0.184370183754233 0.15545269855018895 0.16864379013332556 0.14595593164787032 0.16497934720984858
заправленный 0.21276189203297624 0.15037016275025442 0.19474847108051477 0.18786407043785291 0.21080694365702873
пахучим 0.19154414406915177 0.15736286804737548 0.1758571871268523 0.15318147281855699 0.16628870710833946
попадались 0.29461540764608884 0.156357160432249 0.21639528593344903 0.19075428690612758 0.2566345401042089
уши 0.10730527174284922 0.10204894921541866 0.10434586119286243 0.09393203521892646 0.09820199238681462
еще 0.39112208347875516 0.33712233601948816 0.3555457039680819 0.3096554087272619 0.33925919926567866
увижу 0.1170017467819663 0.10045601634850687 0.11365902572261326 0.11560865873098641 0.11784239086417755
здесь 0.25145237792091696 0.22497476858913407 0.24149976215518132 0.2398879668667968 0.25139710051024544
хоть 0.1093507151244096 0.10501882405203376 0.11098960516394357 0.10982822579443709 0.10998623147323239
соринку 0.1466517307269172 0.1317611970126455 0.15333602112318748 0.13584017400890902 0.132245349747577
тебе 0.23245301170035912 0.21782007011910673 0.2282255219577271 0.21532112688646216 0.22520990254042822
берегу 0.1283083376024866 0.10517406750940228 0.10771078834870412 0.10982822579443709 0.1296266299505953
озера 0.30976412660106867 0.23947122907409255 0.25742301056996936 0.24448871961221358 0.29246824671392824
появляются 0.21873721059951703 0.13715421972731706 0.17610889427630508 0.16474233869165564 0.20426014416457441
русалки 0.16890114546919632 0.14027258830576295 0.154561437508681 0.14451082341373303 0.1597419076158851
рукавом 0.1835710892553144 0.11947671473391926 0.14495682259535336 0.14017549871132104 0.17545422639777547
рубашки 0.16597312010375567 0.13710022200301497 0.15258752354718333 0.14017549871132104 0.1505763883264491
виднелся 0.17553243713186434 0.14103530616153004 0.16689508783186452 0.15318147281855699 0.16236062741286686
тонкий 0.30830139178801613 0.264825089124079 0.2951200088609657 0.28324121389091667 0.2972246969574256
ремешок 0.16438685788948434 0.1395031207344581 0.1535811044002862 0.14451082341373303 0.15188574822493994
мужских 0.17707695560365483 0.16019774857323538 0.16412630918788457 0.1343950657747717 0.14795766852946737
вторичном 0.2506353932466494 0.132908648654065 0.19290041069374342 0.18641896220371557 0.23961286142382768
рынке 0.19145469319240713 0.1335768704923034 0.14053869973522265 0.12427930813581038 0.16890742690532115
жилья 0.17466774532333298 0.1202799308829129 0.1360477142791977 0.13150484930649703 0.1636699873113577
розетки 0.22229139210217003 0.14395118327384307 0.1638282349319537 0.148846148116145 0.20164142436759272
заклеивают 0.24919225243516954 0.15518945964421624 0.19613948427485872 0.1690776633940676 0.22390054264193734
обоями 0.19066156208527152 0.135372294825348 0.1500704520526561 0.13584017400890902 0.17283550660079375
во 0.026733885363076196 0.029266766571734583 0.0296948197630675 0.02601194821447194 0.02356847817283551
время 0.3106211511915933 0.2560032109162245 0.26458395730893786 0.2369977503985221 0.2815123781755353
досадой 0.1514582245039949 0.12597669079678375 0.14362542425219554 0.13873039047718366 0.14664830863097653
хмурила 0.18051186927064833 0.14320196484915151 0.16690171170421855 0.15607168928683166 0.16759806700683028
брови 0.06968819637584395 0.07388913599187696 0.07372369930023227 0.07803584464341583 0.07463351421397912
оглядываясь 0.2580598160164531 0.14939820371281673 0.2241915836941295 0.2023151527792262 0.23044734213439164
летнего 0.22738412868483054 0.14913496480684402 0.18709789851162273 0.16763255515993028 0.208188223860047
лесу 0.16171525837071166 0.11317248042164986 0.14025387322399982 0.14595593164787032 0.16236062741286686
ветром 0.22725889745738806 0.1350753073416865 0.1601519857754731 0.15318147281855699 0.21342566345401046
трепало 0.2455486200557719 0.15441324235737364 0.17920224266563198 0.16040701398924362 0.2186631030479739
сухие 0.351995716686265 0.2974356091054637 0.30322346309430986 0.25012290869001685 0.2970492157339165
стебли 0.1798558961745211 0.14453840852562833 0.152474917717165 0.1343950657747717 0.16236062741286686
растений 0.15813125990914376 0.12987802637760998 0.14576493502254367 0.13873039047718366 0.15450446802192166
почерневшие 0.262108959037093 0.1535627781996157 0.22235014717971222 0.20520536924750088 0.24485030101779115
от 0.23120545705043968 0.22857608189567463 0.23110186197955027 0.22805749483495158 0.23028927840204977
шкаф 0.10865299828580152 0.09012220186019378 0.0949200908330933 0.10260268462375044 0.11653303096568669
орехового 0.1920152520200068 0.13955711845876023 0.15525032023349902 0.14162060694545833 0.17676358629626632
дерева 0.1307950719759871 0.11571712317938602 0.11667288764369192 0.11705376696512373 0.1309359898490862
был 0.496224934282579 0.4648561440337596 0.46736063578155634 0.4947105678650911 0.5192941748849895
явно 0.11508749801963139 0.10345289004727305 0.1116254969099294 0.10693800932616243 0.11260495127021411
была 0.6209500961858209 0.5702092189145679 0.5887430225699231 0.5982748089328547 0.6337301908695772
страшной 0.16517402560483702 0.12338480003028325 0.15626377270366393 0.14740103988200767 0.15319510812343082
лопоухая 0.25438636667814063 0.16397758927438194 0.23987691342844666 0.2008700445450889 0.21604438325099218
гнилыми 0.2153142237160895 0.17302220809498256 0.20822142744858954 0.17196787986234227 0.1820010258902298
привале 0.2180878094045384 0.11666814432372695 0.16258064885123447 0.1557177852294919 0.20522212286550648
качестве 0.1360786370957028 0.10460034168869256 0.12352197165774764 0.13728528224304637 0.14402958883399478
примера 0.1509394094188761 0.12023943258968633 0.13154348107846475 0.13584017400890902 0.15188574822493994
приводится 0.22979930235693535 0.1420072651989677 0.181990892926674 0.17052277162820495 0.21997246294646478
жирность 0.21093709414738593 0.1476095290953099 0.16545108365868838 0.15173636458441966 0.19640398477362925
куриного 0.23171355111927028 0.1582605802138978 0.2048101331862697 0.17341298809647962 0.20033206446910184
только 0.363928033296137 0.3310967188310662 0.338546935462041 0.34844986070348466 0.37948489511622263
мне 0.1532538202133284 0.1368193085841908 0.13769289296737325 0.1437957183081805 0.1576901271563943
хотелось 0.28260513659517755 0.21627862992743155 0.24297360789762248 0.25740804195283284 0.2839286196376988
сгущенки 0.18730902929445517 0.16656238240186333 0.18536572174737478 0.15589291301044353 0.16068680651170328
папа 0.10766860829375006 0.11044928333329623 0.11171372415819118 0.10869597604397896 0.10496476876974166
привозил 0.16423844935583384 0.1333688122504693 0.15619992403715868 0.15160228237712856 0.15939094516886695
стоило 0.15004434734703762 0.1272164117454514 0.13636272379640482 0.13157933942165875 0.1464323317405038
журчание 0.1960166879063829 0.1411433016101342 0.16906109409162876 0.1632972304575183 0.19247590507815668
водяных 0.17156678159618607 0.1459895973662471 0.16310623284536563 0.13873039047718366 0.14795766852946737
струй 0.10128224604204462 0.09970679792381533 0.09886791875608866 0.09971246815547577 0.10343943198077807
мы 0.1850104798925803 0.18052239458196853 0.18062760439393546 0.18016179253013123 0.18675251748062963
непременно 0.19515199609785158 0.1281703483465563 0.16620620510704656 0.17052277162820495 0.19902270457061097
подумаем 0.2018667752454812 0.1385244119814827 0.15715137159910247 0.14740103988200767 0.19247590507815668
о 0.03182084298875114 0.03601669086358505 0.035345187743077336 0.03299912101664109 0.0298993007748171
юный 0.1400954074180923 0.1217858061943172 0.1256080859060583 0.12032737949551646 0.13595965639839805
котел 0.1978414857919732 0.12305406396893294 0.16913395668752298 0.17630320456475426 0.19902270457061097
бросают 0.1898445774110039 0.13732971233129887 0.16588825923405362 0.15896190575510627 0.18854782538268408
куски 0.15337247326632983 0.13600001837035983 0.14001541381925514 0.12716952460408504 0.1361734294430496
баранины 0.20704299931310338 0.1453011263813954 0.18242144462968524 0.16474233869165564 0.1872384654841932
специи 0.2137458516771671 0.16881713531495704 0.20416099369557583 0.161852122223381 0.17414486649928462
турист 0.11868561389848142 0.10546747351134987 0.1099508738339786 0.11324929834872137 0.11928535891557565
пашки 0.1703800666313741 0.10450584567116389 0.14518203425539003 0.15751679752096898 0.17545422639777547
обгорели 0.23229796351400178 0.14200051548342996 0.18161995607484893 0.17052277162820495 0.21211630355551958
ресницы 0.20551637101666181 0.14789976686343365 0.16022484837136733 0.14017549871132104 0.18592910558570236
щеки 0.15493488191346927 0.11967245648451434 0.12033588905546447 0.1054929010920251 0.13486406954455876
ходит 0.17046951750811867 0.1374984552197429 0.14672539651387645 0.1343950657747717 0.15712318781890341
намазанный 0.24519677994057637 0.14789976686343365 0.18876049047248147 0.17341298809647962 0.22520990254042822
кремом 0.16130378433768638 0.13678298537274017 0.14641407451323754 0.13584017400890902 0.15319510812343082
вручил 0.18087624467877542 0.14095389632718683 0.15077123071149762 0.14014600670654268 0.16802561309613345
вскрыл 0.16358333695542787 0.11960106258614585 0.1418759707899521 0.13730018026607868 0.15939094516886695
пачку 0.16367186565818542 0.13382306114769102 0.14648454705209682 0.14159081089939363 0.16068680651170328
сухарей 0.15126014153157488 0.11786422856735687 0.12898769065997123 0.13300954963276376 0.15031991576901274
заварил 0.20825492036689494 0.15962172645754888 0.17781368781566678 0.1473116517438136 0.1788288653114117
чай 0.15296665523375852 0.1548656124677962 0.15624362793722643 0.1611221190947961 0.160308846953376
достал 0.16334135850122386 0.13525260914777118 0.1467402148674932 0.14588144153270863 0.16068680651170328
чашки 0.15274152182438477 0.12402998933405776 0.12803713083349758 0.1144168168883989 0.13736130234064955
товарищам 0.1971979262869044 0.13710573197488254 0.16396274009506082 0.15854901768820992 0.18726518711477466
единственным 0.17747053946133115 0.13023576130111136 0.14153228058832548 0.14306571517959565 0.17152614670230285
сын 0.19723620152600121 0.1695933526017996 0.1818551035434166 0.19147684102319626 0.2062241840123107
гриша 0.16574054782421965 0.12333080230598117 0.13448448040364921 0.1343950657747717 0.16759806700683028
умер 0.10706077267974724 0.10146172396363337 0.10411402566047177 0.1054929010920251 0.10736751167625065
бездетным 0.258560740926223 0.16609025023770135 0.22554947752670343 0.19075428690612758 0.22520990254042822
младший 0.1904886237235652 0.14603684537501144 0.1648019441679945 0.148846148116145 0.17414486649928462
остался 0.15699225207859557 0.12874407416726602 0.14359230489042543 0.14017549871132104 0.15188574822493994
ведро 0.17141854871472356 0.1363916396208467 0.14864293996983075 0.1330679255597476 0.15263395388122045
болотах 0.1915347993727496 0.11111061628660433 0.15589836712669117 0.15446270279933855 0.18789989471126592
очень 0.32389823815546626 0.2821776232222384 0.2951805608469772 0.30304861098123764 0.334147554722283
неопытным 0.21827536493802704 0.1342475337170129 0.15132194112720265 0.15496479787344983 0.21261776053792034
дипломатом 0.2135005913300077 0.1575056173504507 0.18189209857518107 0.1564406530912922 0.18319895090374266
большим 0.2131229944375368 0.15097763714865295 0.16741541414529088 0.1564406530912922 0.20058279296030224
мои 0.11617879871591577 0.09836360453180076 0.10795587162580284 0.10838311756029975 0.11391431116870497
обязанности 0.1534738509266404 0.11727630746860897 0.13589536521505527 0.15029125635028232 0.16890742690532115
входило 0.158071625991314 0.12944604458319325 0.13841906058193656 0.13728528224304637 0.15712318781890341
утром 0.12024583191190462 0.11099232230295283 0.11239386610299561 0.11849887519926106 0.1270079101536136
включить 0.22135513959224298 0.15279331062831084 0.17256512256690487 0.15173636458441966 0.20033206446910184
рубильник 0.21134260478862824 0.14458565653439265 0.16455023701854177 0.15029125635028232 0.19378526497664755
забрать 0.19017852735085056 0.1311604723297847 0.1455993382136932 0.13728528224304637 0.17676358629626632
завершения 0.16584788887631322 0.11309823355073449 0.14347307518805308 0.15029125635028232 0.17152614670230285
техосмотра 0.2170555341167181 0.15032291474149007 0.1981067743640024 0.17774831279889158 0.19640398477362925
эксперты 0.18609360397951277 0.14373519237663468 0.1833554106316019 0.17341298809647962 0.17676358629626632
называют 0.3954205823454955 0.2919994438791075 0.33828778499210804 0.3005825127005647 0.35614589238951433
цену 0.10319649480437955 0.10129298107518932 0.10050401522753138 0.10260268462375044 0.10474879187926894
по 0.13353823219615554 0.14168327885315515 0.13904170458321433 0.1343950657747717 0.12831727005210447
которой 0.14567373447450932 0.12090090471238697 0.12186600356924288 0.12861463283822236 0.15319510812343082
можно 0.24838123115268493 0.21458695637651887 0.2249533290148417 0.2167662351205995 0.24354094111930027
австралию 0.16844792769369024 0.1176205429610348 0.14310213833622804 0.15029125635028232 0.17414486649928462
миссионеры 0.2021112743085832 0.1493172071263636 0.18732973404401335 0.17341298809647962 0.18854782538268408
расспрашивали 0.26102362173259164 0.14617183968576666 0.23767116393455834 0.22399177629128614 0.24877838071326372
жителей 0.16223407345583044 0.13733646204683664 0.14377777331633795 0.13728528224304637 0.15581382792041254
про 0.04718831917867989 0.04826721581053368 0.050281815039358774 0.05202389642894388 0.04975567614265274
пещеру 0.2027732107964934 0.1378696895743198 0.18707140302220662 0.1690776633940676 0.18592910558570236
которую 0.2352319522712254 0.211158100883336 0.2154745676762404 0.23844285863265943 0.25401582030722714
цветастое 0.27364812213714934 0.1438566872563144 0.20253814496884115 0.19075428690612758 0.2592532599011906
покрывало 0.1758246433292301 0.14780527084590495 0.17277046260987944 0.15318147281855699 0.15581382792041254
она 0.2620787732085833 0.23571586230468966 0.2473926867805672 0.2505996454270519 0.26229043492346327
осторожно 0.1757769361949663 0.12648966917765364 0.15286572618605213 0.15318147281855699 0.17414486649928462
присела 0.15832208844619894 0.13934112756155184 0.15485288789225785 0.148846148116145 0.15319510812343082
своей 0.30243341427356885 0.24555465126376946 0.27004865200100353 0.24566839980334612 0.27496557868308097
он 0.2289763542908848 0.2389196808901497 0.23630664622963038 0.2398879668667968 0.23306606193137339
первые 0.14580492909373477 0.12810960090671644 0.13610732913038387 0.12283419990167305 0.132245349747577
почти 0.11037045511929827 0.10093524615168796 0.1134669334243467 0.11849887519926106 0.11784239086417755
изменилась 0.15772574926790148 0.11795127902238511 0.15156082333231038 0.15173636458441966 0.15712318781890341
слегка 0.10550432742439082 0.10468808799068345 0.10543880013127559 0.11271844226271174 0.11260495127021411
пополнела 0.17060667551912712 0.1433842071686711 0.16676261038478415 0.15318147281855699 0.1584325477173943
появились 0.18162702353406465 0.14260798988182852 0.16053617037200624 0.14740103988200767 0.16890742690532115
ловил 0.14013970689990868 0.13346212532816143 0.1390682000726304 0.12427930813581038 0.1270079101536136
написал 0.1702406954027967 0.14415054342864395 0.16423707125961876 0.15446270279933855 0.16068680651170328
взял 0.11013560814392752 0.10885941219302016 0.1152537400636793 0.11298660667729392 0.10755649145541428
карандаш 0.12322015041149557 0.10819807923971203 0.11951487032028539 0.11870744752171387 0.12181096622661378
подвинул 0.17663836965541005 0.14447786983987726 0.1753684546068759 0.1587533334326535 0.16068680651170328
чистый 0.11436728013573912 0.1096543477631582 0.11668285759589488 0.12299807815502883 0.12181096622661378
лист 0.0547343459582436 0.05925276056407025 0.05814803904014763 0.06578966971082938 0.0622013444561432
рыбу 0.0466396871346462 0.05073761169735445 0.049791648485161356 0.05635922113135587 0.053683755838125326
коллекционирование 0.28878321048233946 0.12104264873867997 0.27459262843586063 0.2774607809543673 0.28805917766798955
раритетных 0.25387947837658775 0.15742361548721534 0.22607276344267088 0.19942493631095154 0.22128182284495562
машин 0.10739472261959385 0.1058422893476407 0.10586935183428683 0.1054929010920251 0.10605815177775979
занятие 0.14393242407388065 0.1274953767927801 0.13828658313485614 0.12861463283822236 0.1296266299505953
для 0.3056894261870731 0.29300515149423395 0.2966633711194522 0.29913740446642734 0.3076995761453524
звезд 0.1873220626868056 0.1545617360992044 0.17378391508004437 0.14306571517959565 0.1597419076158851
быстро 0.27323068471234113 0.23431637489339627 0.26467669152189405 0.2702352397836807 0.284131097972517
продуктами 0.21382933916212876 0.1379236872986219 0.17190935920385697 0.161852122223381 0.19378526497664755
питания 0.14507739529621183 0.12385053040238882 0.13429901197773667 0.12572441636994772 0.1335547096460679
является 0.146228329910326 0.13093773171703857 0.13837931734781242 0.13584017400890902 0.14533894873248562
одной 0.10720389408253864 0.10244043271660881 0.10162344965536059 0.10693800932616243 0.10998623147323239
самых 0.07893145363945495 0.07682526225080329 0.077446315563191 0.08959671051651447 0.0890364730973786
прибыльных 0.16094598083070788 0.1320919330739958 0.14651343259854785 0.14740103988200767 0.1597419076158851
отраслей 0.18700003953052494 0.15501396704023443 0.17944070207037666 0.14595593164787032 0.15450446802192166
воровали 0.21939318369564426 0.14044133119420701 0.18146760701070647 0.17196787986234227 0.2055695040630653
ресторана 0.17571730227713653 0.13178144615925877 0.14501643744653953 0.13294995754063438 0.16628870710833946
атрибутику 0.22059778883580516 0.1467658146530897 0.20645947740242043 0.18786407043785291 0.19771334467212012
скульптурки 0.31990018880590215 0.14959394546341181 0.2783019969541113 0.2500037245057581 0.2867498177694987
кувшинчики 0.2675833526938639 0.17045056647509535 0.23073596957990036 0.19508961160853955 0.23044734213439164
оставался 0.2333498566419059 0.13471151854961 0.18657194938924485 0.1802064865992283 0.22288815096784648
футболист 0.12397559534169346 0.11478468824942717 0.12478556066845661 0.13014912921055377 0.12958613428363167
который 0.4624857470325518 0.429135710754788 0.4373510738389684 0.4715820210658046 0.49781323398396377
получил 0.13425082677508812 0.11988162808148871 0.1255197861895949 0.1287189189994488 0.13736130234064955
растяжение 0.19269747633563225 0.14733696584003758 0.1830974893338583 0.1673345946992834 0.17753300396857538
власти 0.26110575669570557 0.23070305037041328 0.23958355099924186 0.23725101679007196 0.26042763424313603
позволяют 0.18905009378202062 0.12984838329700085 0.1587631577761325 0.16018354364375847 0.18789989471126592
излишества 0.1713030398358875 0.13261395746538024 0.15191257144051193 0.14445123132160365 0.17105369725439382
создавая 0.17967785511675313 0.1324870349793918 0.16329306701815527 0.1573231232215485 0.17234955859723014
иллюзию 0.1727844201286974 0.13918052608257087 0.158743491021102 0.15160228237712856 0.16716611322588487
благополучного 0.25945402012835317 0.13071680030639532 0.20418025072654314 0.19593879892138313 0.24103020976755493
коврик 0.17118512452207568 0.14178452458622157 0.1533757643573116 0.14595593164787032 0.1636699873113577
твердой 0.17484664707682226 0.1409475598595391 0.16143039313979882 0.14451082341373303 0.16105126751437598
пластмассы 0.1835472356881825 0.1379236872986219 0.17412173257009933 0.16618744692579296 0.17938230609324804
пригодится 0.21412750875127748 0.14351920147942632 0.19456962652695625 0.17919342103302893 0.19771334467212012
подставка 0.21584496558477426 0.14150103653363558 0.18632952931855645 0.16618744692579296 0.19378526497664755
было 0.6771461493918172 0.6098824463975168 0.6436986965721528 0.6270577894313425 0.6596069220593398
родители 0.12886293303830326 0.11207227678899473 0.11601712428064404 0.12427930813581038 0.13748278934154048
пригрозили 0.21876106416664895 0.1466578192044855 0.19771596589511525 0.17919342103302893 0.20164142436759272
взять 0.16696304313972946 0.11825501622158441 0.1275360383042832 0.12427930813581038 0.16497934720984858
собой 0.2520069733567336 0.24098509384470476 0.24473221186394264 0.26156459037885676 0.2671094192921358
маша 0.1792834105633555 0.18568467444382344 0.1868925584686481 0.1979798280768142 0.19247590507815668
лень 0.10489009807074441 0.10071250553894183 0.10201425812424772 0.10693800932616243 0.11129559137172323
внимания 0.15659270482913626 0.1159466135076699 0.14451964701998812 0.15029125635028232 0.16105126751437598
наблюдателя 0.19878370169368323 0.13460282725404316 0.17170401916088238 0.17485809633061694 0.20295078426608354
должна 0.10910621606130763 0.10812369319940414 0.11149964333520304 0.11127333402857442 0.10998623147323239
ускользать 0.15427294542555905 0.12894656563339887 0.14776534447345743 0.15029125635028232 0.15712318781890341
даже 0.2276345911397155 0.21668611790876277 0.2209922533471383 0.21387601865232483 0.2212818228449556
малейшая 0.18476973100369237 0.1393816258547784 0.16075475815968884 0.1546265810526943 0.17414486649928462
идти 0.0945376499355001 0.0926533451868544 0.09470812691776469 0.10260268462375044 0.10213007208228721
стоянку 0.15635416915781725 0.13036400589632882 0.15045463664918918 0.14162060694545833 0.14795766852946737
сметать 0.22145651725255355 0.14786601828574483 0.1932051088220283 0.17052277162820495 0.19771334467212012
снег 0.23983814985831417 0.21023603407312072 0.21996862606273887 0.2072017043338349 0.22303663508004648
раскинувшийся 0.27305178295885185 0.13625650756079474 0.24192368998583855 0.23266242569611012 0.26318133959666323
вдоль 0.1292326633288477 0.1232363062884525 0.12958943873402912 0.12861463283822236 0.1296266299505953
реки 0.17354484479842539 0.1735518868029562 0.17256819549737837 0.17664585909449815 0.17949029453848442
состоял 0.16014688633178925 0.13382660996720058 0.1534751224426219 0.148846148116145 0.15712318781890341
двух 0.12614958977704968 0.1251599752167146 0.12760890090017743 0.11560865873098641 0.11391431116870497
лед 0.08206020554274521 0.06487075060176846 0.06609340807246543 0.0715105105552493 0.08423098728436058
каждом 0.10616030052051806 0.08509366378456132 0.10227921301840849 0.11849887519926106 0.12046111066115928
углу 0.09588537647845242 0.09727690033022114 0.09979526088565133 0.10838311756029975 0.10474879187926894
комнаты 0.1186834232647652 0.10964912891093827 0.1220117287610313 0.13150484930649703 0.12831727005210444
сидели 0.14547694254567117 0.13155195583097487 0.13964447696743007 0.13728528224304637 0.14141086903701305
две 0.127503279711785 0.12482248943982649 0.12945696128694872 0.11560865873098641 0.11522367106719582
но 0.11050675243458546 0.11889763089159706 0.11772082522250406 0.1179625463700967 0.11209200615534139
потребуется 0.23984165411946498 0.12313506055538607 0.18677332876627575 0.1893091786719902 0.24092222132231855
врач 0.10302355644267329 0.10271717105365705 0.102458057571967 0.10404779285788776 0.10605815177775979
будет 0.2351425013944808 0.19903561177751605 0.20353834969429804 0.20954069394991284 0.24092222132231855
лечить 0.14146954326751207 0.11660133591483278 0.11772608334798096 0.11560865873098641 0.1401015091385222
заболевших 0.2250822594566023 0.14112305246352091 0.16577565340403533 0.15751679752096898 0.2147350233525013
моего 0.11352508937249199 0.09836360453180076 0.11661989666485978 0.13150484930649703 0.1270079101536136
отца 0.07957549995201622 0.08458068540369144 0.08489154808910843 0.09393203521892646 0.0890364730973786
счет 0.11346545545466223 0.10328414715882903 0.10873748856357708 0.1054929010920251 0.11129559137172323
швейцарском 0.15711151991425507 0.1257741993306509 0.14120108697062456 0.14451082341373303 0.1597419076158851
банке 0.06513812844543415 0.06807763091386416 0.06680837656263636 0.07370051994100384 0.07070543451850653
берегах 0.1623911504249593 0.1254862578575039 0.13307837570631306 0.1287189189994488 0.15679922248319433
денег 0.13278715222282972 0.11386283019330071 0.1194427588851736 0.1258584985772388 0.13736130234064955
обороте 0.182262893237274 0.13995542126018443 0.17234632991719065 0.16590438448817843 0.17623714262573908
выросло 0.1721293077282914 0.14383657727909363 0.15637036924742292 0.1473116517438136 0.16457439054021222
благодаря 0.15693778233509334 0.1367088776712173 0.14771699703400748 0.14588144153270863 0.15679922248319433
союзу 0.15209231133749598 0.1198549075581227 0.12804368641850772 0.12299807815502883 0.14254474771199482
американским 0.23685559327110547 0.13932080883024228 0.1928325330739507 0.18449711723254325 0.22936745768202807
этих 0.12946437491266247 0.09807100088400399 0.10135589984213329 0.10154492498845402 0.1244026889122864
перемен 0.16283379393874714 0.12008203200673356 0.12835835449899557 0.1258584985772388 0.15939094516886695
будут 0.11432596674111893 0.10509181839841637 0.10410924554640186 0.10869597604397896 0.11792338219810483
обсуждаться 0.18750379244052182 0.12829859294177376 0.16438129412984237 0.15589291301044353 0.17753300396857538
париже 0.14803179483768236 0.13269411903547818 0.14426875931866165 0.14016060068828864 0.1464323317405038
летом 0.1405776780654954 0.12659515957719225 0.12955802655585544 0.12013765773281887 0.130881995626468
будущего 0.1921604022055697 0.1361009857646412 0.16665608212836902 0.15446270279933855 0.17623714262573908
микросхемы 0.2889442220604798 0.14609084309931353 0.21457372103609382 0.20665047748163817 0.27627493858157176
даст 0.11135441476348913 0.10333139516759335 0.10374971268100071 0.09826735992133845 0.10605815177775979
возможность 0.16896674277880905 0.13084323569950992 0.1424993659520123 0.14451082341373303 0.17152614670230285
уменьшить 0.18547341123408342 0.14584110362441632 0.16265580952529232 0.1546265810526943 0.17545422639777547
вес 0.10248088779042257 0.09791137359077073 0.09747028168939063 0.08815160228237713 0.0955832725898329
бытовой 0.23394982303788583 0.14106905473921885 0.1710283841807724 0.1632972304575183 0.21997246294646478
есть 0.20323067057233996 0.19536028729016042 0.1983875719219377 0.20282168556232585 0.20728382063119247
свои 0.11337004118613463 0.10232568755246685 0.1030542060838287 0.1011575763896131 0.10998623147323239
актуальные 0.13505889710081412 0.10319640085683812 0.11476521240573444 0.11849887519926106 0.13879214924003133
ловко 0.12455140077921245 0.10277116877795912 0.12605229089698292 0.12716952460408504 0.12569855025512272
гораздо 0.16002448310457376 0.12378282449292242 0.1322851499200833 0.12728870878834378 0.15161577711184906
позволим 0.20132607389773624 0.12865263987637304 0.16491885210067575 0.16161375385486348 0.19178747873977486
этим 0.12423527953644897 0.1103090005856248 0.11735808285194169 0.1144168168883989 0.12181096622661378
людям 0.11173502670708087 0.09913314168780187 0.10074623043618815 0.104405345410664 0.11662752085526852
уйти 0.08002994729283838 0.0816712796681311 0.08014858233425534 0.08009177182187924 0.08034340325585164
наши 0.08712994925399507 0.0830340263597963 0.08499971524177612 0.0843824024551942 0.08552684862719691
проекты 0.16390794219887225 0.12397654828732578 0.14152852478441344 0.13873039047718366 0.16457439054021222
станут 0.15048699086082548 0.12367594239945849 0.13334715469172975 0.1287189189994488 0.14254474771199482
поддел 0.19915343198422766 0.15556069399879313 0.17454566040075656 0.14451082341373303 0.16890742690532115
признает 0.19654742977506764 0.1150826499188364 0.17318776656818266 0.17774831279889158 0.19771334467212012
право 0.13829701883896944 0.12484273858643977 0.12970866843640147 0.12716952460408504 0.13748278934154048
каждого 0.15467249267501834 0.12510597749241248 0.13529259283083953 0.13873039047718366 0.1584325477173943
так 0.15476194355176295 0.16191217631982685 0.15989365475366638 0.16618744692579293 0.1623606274128668
ему 0.4467404254209924 0.4055684179000786 0.416436709036232 0.3922202523725102 0.4192921357414757
концом 0.204281948917586 0.15630991242348466 0.17202858890622932 0.14740103988200767 0.1806916659917389
судов 0.19632082088731462 0.13277365434330973 0.14614249574672278 0.13584017400890902 0.1820010258902298
узкой 0.2624309821933737 0.21425622031516858 0.23314705911676328 0.23699775039852214 0.26318133959666323
они 0.3870531444565264 0.3518113174776717 0.3609195082054755 0.3560627504730122 0.38269755136200434
ничего 0.2470633215686475 0.21333150928649525 0.22178049415726656 0.23266242569611018 0.26187197969817233
ножа 0.13206527442576074 0.11288899236906387 0.11814338730628417 0.11416355049684906 0.1296266299505953
эта 0.15392110531036352 0.11446167608936235 0.11833547960455071 0.11416355049684906 0.14664830863097653
новой 0.16491759975816914 0.1356287840157829 0.14026712096870786 0.1343950657747717 0.1597419076158851
замочки 0.21605964768896133 0.1534142844577849 0.17971228083689142 0.15751679752096898 0.1872384654841932
научная 0.17699346811869318 0.14171702743084397 0.14671877264152242 0.13150484930649703 0.1584325477173943
утро 0.08307601092862248 0.07843844426432832 0.07804908794740671 0.08959671051651447 0.09427391269134204
самый 0.25556115485938663 0.23547732596589124 0.24201642419879482 0.24422329156920874 0.2592532599011906
верх 0.14611502546644944 0.11218702195313666 0.12945696128694872 0.12427930813581038 0.13879214924003133
крыши 0.1638620794125826 0.13799118445399952 0.15758854717446774 0.14451082341373303 0.15319510812343082
мгу 0.05572789621189985 0.05846603598809156 0.057375982330513206 0.06213965406790519 0.05892119543208878
поднимается 0.14864350358243078 0.12451200252508945 0.14225428267491358 0.14740103988200767 0.15319510812343082
симпатичная 0.16787544208252464 0.1406910706691042 0.15874110096406704 0.15029125635028232 0.16105126751437598
играли 0.1495485866115953 0.1222597546610613 0.1270472374969629 0.12442828836613383 0.14384060905483115
похоронах 0.1978911602307427 0.1367355981945833 0.1734607793689184 0.15446270279933855 0.17494128128290276
разгружали 0.2635971634174072 0.14622138398950774 0.19466809687679634 0.18306690702143827 0.25139710051024544
вагоны 0.1776062834722261 0.1526276294665025 0.1583370447504719 0.13730018026607868 0.155503361140358
жили 0.16765565728227583 0.14215986443787812 0.14757277416378392 0.1144168168883989 0.13606544099781323
центре 0.2412370877966811 0.21961549445215137 0.2384262853829165 0.23988796686679678 0.24485030101779112
нашего 0.15886475709844966 0.1419195188969768 0.15996651734956058 0.14017549871132104 0.13748278934154048
это 0.19960068636795078 0.16937736170459125 0.17426745776188776 0.17196787986234227 0.19640398477362925
кусочек 0.13557174879414996 0.11688482396741877 0.12870183983859057 0.12716952460408504 0.1335547096460679
другого 0.16702864044934224 0.1512678749167767 0.1691074611981069 0.14740103988200767 0.1505763883264491
мира 0.04413506258579677 0.045270342111767496 0.047658761587167225 0.053469004663081215 0.04975567614265274
находящийся 0.156413803075647 0.13097823001026515 0.15495224597756815 0.15318147281855699 0.15319510812343082
самом 0.11346545545466223 0.11344246904316031 0.1193025649682375 0.11705376696512373 0.11129559137172323
фотоаппарат 0.1593239382657387 0.12745487849955353 0.15693940768377387 0.15896190575510627 0.16236062741286686
вся 0.0696047088908823 0.07503658763329644 0.07363758895963002 0.07514562817514116 0.07070543451850653
семья 0.21410961857592856 0.20336217943722126 0.2084996300874583 0.2124309104181875 0.21997246294646478
поехала 0.1403961327465766 0.1282715940796227 0.13539857478850387 0.1300597410723597 0.1361734294430496
парк 0.14189294408410327 0.13392110598472923 0.1354184464055659 0.12427930813581038 0.1309359898490862
росли 0.097406041383111 0.09820836107443225 0.10451808187406693 0.11127333402857442 0.10474879187926894
превращаясь 0.18252153230151086 0.1375727020906583 0.1648019441679945 0.15896190575510627 0.17545422639777547
ласковых 0.23036582457631793 0.1528878066458395 0.1865679887233012 0.1632972304575183 0.20164142436759272
стал 0.11483107217296347 0.09572446575653595 0.10741271409277327 0.10404779285788776 0.10998623147323239
плохо 0.12740190205147442 0.11297673867105476 0.12122348795090303 0.12861463283822236 0.13486406954455876
спать 0.1031130073194179 0.10135372851502919 0.10135849476119983 0.10260268462375044 0.10213007208228721
капризничать 0.23501727016703833 0.14258099101967744 0.21057290213426627 0.20954069394991284 0.2317567020328825
детском 0.18123343967638827 0.15328603986256745 0.16775619123788701 0.14017549871132104 0.15581382792041254
раскрыл 0.15898998832589215 0.12964853604932608 0.15016318626561237 0.15607168928683166 0.16236062741286686
придать 0.16243682877645158 0.12219685009563723 0.1471294527274716 0.14740103988200767 0.16497934720984858
объем 0.14354480360798733 0.13224042681582657 0.1326297961445239 0.12283419990167305 0.13748278934154048
тонким 0.16017670329070413 0.1377954427034044 0.14648693710913177 0.14162060694545833 0.1584325477173943
волосам 0.09399498128324939 0.10085424956523482 0.0999608576945018 0.09682225168720111 0.09165519289436032
нанесите 0.15415367758989953 0.14016459285715877 0.1500704520526561 0.14017549871132104 0.14272022893550393
них 0.10916584997913736 0.10431010392056879 0.10379607978747885 0.09393203521892646 0.09951135228530548
лечебную 0.21306602501390795 0.14254724244198863 0.17598966457393272 0.16763255515993028 0.19640398477362925
тебя 0.0939938746744649 0.08426317043463159 0.09039496170514043 0.10726576583287398 0.10755649145541428
впереди 0.14058357997901258 0.12236663675452523 0.12947935953573347 0.1287189189994488 0.14124888636915853
замечательный 0.17506846065984255 0.12489840634345224 0.15853371230077676 0.16018354364375847 0.1788288653114117
день 0.12620061673766692 0.12820507110999282 0.1267653473415259 0.13014912921055377 0.12699441159795902
полный 0.14139214213086498 0.12177210510963209 0.13752306234320372 0.13586997005497373 0.1399530250263222
приятных 0.17726987440174732 0.14643514817643563 0.1615230590654112 0.1473116517438136 0.16068680651170328
рот 0.05400447598662012 0.05524642167657924 0.05645526407330455 0.05924943759963053 0.056302475635107055
ехали 0.1860160798863341 0.14700205469691136 0.1512826206934416 0.12572441636994772 0.1597419076158851
брала 0.12608995585921995 0.10974362492846694 0.11394385223383606 0.12283419990167305 0.13486406954455876
меня 0.11732973333002993 0.09835010510072524 0.10283561829614608 0.10838311756029975 0.12177047055965014
сдав 0.18233070376445565 0.12988477609314775 0.1447581064247328 0.13584017400890902 0.17021678680381203
молоко 0.13822545813757375 0.10561279901935682 0.11000264818319473 0.11416355049684906 0.14664830863097653
смерти 0.15917485347116436 0.11773528812517674 0.1415256567159715 0.14451082341373303 0.1597419076158851
его 0.07874658849418273 0.08007187542446666 0.08077149948490855 0.08237116934582782 0.08118031370643343
спасла 0.1665157887560064 0.1219876089139666 0.1402207538622297 0.13294995754063438 0.15712318781890341
собака 0.10830712156238899 0.10858267385597192 0.1110359722704217 0.11705376696512373 0.11653303096568669
приносившая 0.2777091919413552 0.1394558727256938 0.22376765586347228 0.2109858021840502 0.26318133959666323
понял 0.10468137935834029 0.10553855214844142 0.11028747469441753 0.11127333402857442 0.10605815177775979
огромному 0.14700953423389568 0.11120156348462346 0.12713860596304208 0.13873039047718366 0.15319510812343082
расходу 0.17668933513776147 0.13796418559184845 0.16090048335147727 0.14595593164787032 0.16105126751437598
воды 0.10713233338114295 0.10643626431496371 0.10914816864952627 0.11416355049684906 0.10998623147323239
купали 0.25705200280513035 0.14748803421563017 0.18426950501645653 0.1632972304575183 0.22913798223590082
кто 0.07464973833927901 0.06472302229159663 0.0653974917512303 0.06647497877031719 0.07594287411246997
желает 0.16635477717786606 0.12755612423261997 0.13202702376030812 0.12861463283822236 0.16236062741286686
невозможного 0.21601194055469752 0.14035358489221608 0.18497163548598258 0.17052277162820495 0.20426014416457441
объяснят 0.28667216979116633 0.15429174747769395 0.1963315765731253 0.17341298809647962 0.25139710051024544
близок 0.2210211896523964 0.1497761877829314 0.16233123977994537 0.15029125635028232 0.2094975837585379
локоть 0.16571073086530477 0.13581777605084025 0.14345320357099103 0.13294995754063438 0.1597419076158851
да 0.03864874214545992 0.03602323182503401 0.03535160675339978 0.03179238115102126 0.03273399746227155
самолете 0.18026804646847022 0.12700264755852353 0.14421631463858034 0.13586997005497373 0.16846197456872117
летела 0.1873562446025925 0.14952136862520682 0.16740341881952758 0.15303249258823357 0.17234955859723014
домой 0.0887529754712171 0.0896740764162434 0.08895273300290452 0.09010324329961415 0.09200615534137847
читать 0.1640436862097672 0.1365953154469119 0.13810650940910824 0.13443975984386874 0.1542074997975217
образом 0.11326270013404109 0.10518756694047782 0.1114135329946008 0.12427930813581038 0.12438919035663186
узнал 0.1225715547072648 0.12362778978964267 0.12484674612855147 0.11416355049684906 0.11391431116870497
чего 0.10672682273990067 0.10009828142500551 0.10503474391768042 0.1054929010920251 0.10736751167625065
надо 0.40014955202939456 0.3602998154057178 0.37106270539979436 0.38006346557811777 0.4072109284306579
ним 0.088639855462138 0.07760822925318364 0.07865186033162246 0.07225541170686652 0.08248967360492429
снова 0.1287317384190778 0.10987861923922215 0.11510965376814343 0.11416355049684906 0.1309359898490862
прежняя 0.1998809657817506 0.1437689409543235 0.1687232766015738 0.1546265810526943 0.18331038578872064
нравится 0.11475354807978479 0.09553547372147862 0.109744317161388 0.12283419990167305 0.12569855025512272
коллеги 0.16618183881615978 0.1335903699233789 0.1555616422341379 0.15029125635028232 0.1636699873113577
недавно 0.13272721091367096 0.12153537797293658 0.13033131243767926 0.13150484930649703 0.1335547096460679
заходил 0.15550140413285185 0.13065424366445258 0.13925366849854295 0.13584017400890902 0.14795766852946737
наш 0.22705036317978133 0.22007036961163948 0.22108068545743167 0.20417740565826917 0.20970006209335604
мамы 0.11149304825287686 0.09998151830467186 0.11358862147109783 0.1258584985772388 0.12051510488377747
подруга 0.10207949619298914 0.09050241264058892 0.09816332994218385 0.11012618625508394 0.11403579816959587
которая 0.10530194097336451 0.11144462282867915 0.11401473449675846 0.12728870878834378 0.11792338219810483
живет 0.09457816411266486 0.10002827922056236 0.10068723017109667 0.11012618625508394 0.10366890742690534
прямо 0.09696843908711907 0.09666817340728982 0.09975633709965348 0.104405345410664 0.1010771847412327
напротив 0.13808707056124925 0.12380954501628838 0.1419611933950842 0.14159081089939363 0.1386571636834859
здания 0.17551700608714754 0.14439770826977932 0.168825980766733 0.1473116517438136 0.15291163845468536
знак 0.14938892755530267 0.11070883425036684 0.12022990709780017 0.1199439834333984 0.14926702842795825
требовала 0.16791718582500548 0.1303505064652533 0.162556451439982 0.161852122223381 0.16759806700683028
красоты 0.1428530501611622 0.12782611285413042 0.13973721118038634 0.1300597410723597 0.1335547096460679
николай 0.15149400485469278 0.13030325845648896 0.14797068451643203 0.14162060694545833 0.14533894873248562
фомин 0.14310351261604717 0.1355612868604053 0.14198932778075282 0.13150484930649703 0.132245349747577
украсил 0.1518935521041521 0.1404075826165182 0.15120975809754736 0.14451082341373303 0.14795766852946737
свой 0.09080456667935786 0.09131015179483983 0.093774160915848 0.0910418187506518 0.0890364730973786
дом 0.15480965068602678 0.15955652559714806 0.15917165266707828 0.15751679752096895 0.15581382792041257
помолчать 0.18213987522740044 0.13168020042619236 0.1559060835965469 0.15029125635028232 0.17545422639777547
старинных 0.21913804889255822 0.14818534245690762 0.1847429411714093 0.16161375385486348 0.1930833400826112
углом 0.1467805891720421 0.10046916785610108 0.12140287880321239 0.12728870878834378 0.15291163845468536
морской 0.22754827565452684 0.14751064924191648 0.16566618879183434 0.15160228237712856 0.20992953753948332
музей 0.12726886308427485 0.11801787157671129 0.11946242564020408 0.11870744752171387 0.12699441159795902
бесчисленными 0.2510674010204532 0.13941433066202324 0.2154034122639426 0.20452006018801305 0.24362193245322755
моделями 0.19364178249837963 0.13793134161521112 0.15606225675194524 0.15017207216602357 0.1853081720255933
кораблей 0.16661101858973656 0.13587386131603033 0.14830044409991203 0.1430210211104986 0.16587025188304855
аварии 0.1270563941976567 0.1195543016702554 0.12495600587872085 0.12156786794392385 0.12310682756945009
мобильный 0.16790353764999702 0.12262048172650208 0.15429880438421137 0.16304396406596847 0.17753300396857538
телефон 0.09930559683991878 0.10111046041688472 0.10472547053735722 0.10583555562176898 0.10237304608406902
отвлекал 0.15437635186864113 0.13658195518522892 0.15553125436612203 0.15160228237712856 0.15161577711184906
водителя 0.16047893044539593 0.1367222379329003 0.15939249393710817 0.15160228237712856 0.15291163845468536
приложил 0.21575551470802962 0.13174094786603222 0.1975569929586188 0.18497385396957824 0.19902270457061097
бросить 0.18367843030740796 0.13532504681658364 0.1613641544162586 0.15751679752096898 0.18331038578872064
дополнительные 0.20688795112674604 0.13713397058070376 0.1760095361909948 0.17630320456475426 0.21080694365702873
занятия 0.14393242407388065 0.13720146773608138 0.1379951327512793 0.12716952460408504 0.1335547096460679
школу 0.10658370133710927 0.09806661704813925 0.10130550378236769 0.1054929010920251 0.11260495127021411
ухо 0.11204020481853125 0.11097207315633954 0.12046836650254486 0.10260268462375044 0.09689263248832378
главные 0.1306042434389319 0.11224776939297651 0.11960726309652239 0.12138909166753573 0.1335547096460679
лекарства 0.12968588110435378 0.12256133473467636 0.13031806469297122 0.13294995754063438 0.132245349747577
должны 0.1095892507957286 0.11361796164714213 0.11388423738264991 0.1199439834333984 0.11653303096568669
входить 0.12430690171611047 0.12453225167170276 0.12741018472955684 0.1300597410723597 0.1270079101536136
аптечку 0.13984153731075993 0.13326638357756634 0.13708766223877872 0.13294995754063438 0.13748278934154048
газовой 0.1851692782531517 0.1273806316286382 0.1703328775836004 0.16763255515993028 0.17938230609324804
плите 0.1320294940750629 0.12169737114584285 0.1255223811086614 0.12283419990167305 0.132245349747577
стояла 0.14274570910906867 0.1318624427457119 0.13797526113421724 0.1343950657747717 0.13879214924003133
открытая 0.1582147473941054 0.13427209119269284 0.14506280455301768 0.14306571517959565 0.15712318781890341
кастрюля 0.16985528815447232 0.14231775211370473 0.15731034453559894 0.148846148116145 0.15712318781890341
кипящей 0.1811559155832096 0.1489594722028622 0.16554381787164463 0.13873039047718366 0.15450446802192166
принадлежит 0.18236322576706587 0.11973466520297579 0.1570914835985409 0.16590438448817843 0.19178747873977486
числу 0.12301358343839457 0.11635451899717876 0.1189248676693707 0.11870744752171387 0.1244026889122864
последних 0.1826229099618214 0.13683580015720576 0.1607757223742526 0.1573231232215485 0.180124726654248
свидетелей 0.20708043957697794 0.14722340361573216 0.17019609803385713 0.15589291301044353 0.1943792014254475
страшных 0.1931578255899716 0.15038978563460131 0.16269650878223044 0.1430210211104986 0.17494128128290276
событий 0.15191525393198085 0.1328344017831496 0.14330508832216765 0.12442828836613383 0.13476957965497693
прошлого 0.17621343188217373 0.15276123208333242 0.17200543949666217 0.14016060068828864 0.14772819308334012
лестнице 0.16010514258930844 0.11844400825664171 0.13060951507654806 0.13150484930649703 0.1584325477173943
сосед 0.1377662769702847 0.13157220497758818 0.13874363032728348 0.13584017400890902 0.1361734294430496
попросил 0.18318346878942104 0.13910488751773017 0.1663254348094189 0.1546265810526943 0.17021678680381203
говорить 0.23778428395433865 0.15025541758611244 0.19366215601445558 0.17485809633061694 0.21342566345401046
до 0.0275866503880416 0.028537797293656325 0.028005732312792634 0.027457056448609272 0.027496557868308097
роман 0.09846752512048051 0.08878575818371696 0.09239639546621203 0.1011575763896131 0.10736751167625065
захватывает 0.2078659473791539 0.13627000699187028 0.1996435127501348 0.19364450337440223 0.20426014416457441
читателя 0.13861904199525008 0.13312463955127335 0.1412143347153326 0.1343950657747717 0.13486406954455876
первой 0.1162205424583966 0.1166890822168237 0.11993845671422333 0.11705376696512373 0.11522367106719582
страницы 0.10821767068564436 0.11011485928304382 0.11643442823894723 0.11271844226271174 0.10605815177775979
держит 0.14038420596301066 0.1305462482158484 0.13563703419324852 0.12716952460408504 0.1309359898490862
сделала 0.18590593969115876 0.10992393875783285 0.14589173486474918 0.15288655277077384 0.18983046365059347
вопросе 0.16141708878156288 0.11283499464476178 0.13802825211304942 0.14306571517959565 0.16236062741286686
послышался 0.22700843500250314 0.14600984651286036 0.1913967916693811 0.18063852926716625 0.21735374314948305
упрек 0.16458364981832252 0.1377616941257156 0.14292329378266952 0.1343950657747717 0.15188574822493994
командиру 0.1932854544697804 0.14071806953125524 0.18507761744364687 0.16618744692579296 0.17545422639777547
словно 0.12633445492232193 0.11935521985423954 0.1224290327193345 0.11849887519926106 0.12438919035663186
виновником 0.20219476179354484 0.13824767364443447 0.16760384217374458 0.16763255515993028 0.20164142436759272
шаг 0.08723395542383339 0.0784840392815324 0.08025213381992609 0.08635258999090005 0.09363259355738733
современном 0.1762540075376043 0.11146480239059617 0.17280358197164952 0.17341298809647962 0.17676358629626632
обществе 0.138642895562382 0.11640559416423771 0.13426589261596658 0.13873039047718366 0.14141086903701305
школа 0.09970791061133928 0.09970679792381533 0.09972902216211114 0.10404779285788776 0.10474879187926894
оказывают 0.14842285808646075 0.13141696152021964 0.14290342216560745 0.1343950657747717 0.1401015091385222
большое 0.12803402158046975 0.114272684054305 0.11974636441595678 0.12138909166753573 0.1296266299505953
влияние 0.10581442379710551 0.10115123704889632 0.10057025395107157 0.10982822579443709 0.11522367106719582
навстречу 0.16346800874741374 0.12447687645443377 0.14759177198156848 0.1486397040826968 0.16417769829240517
студент 0.10011938464436454 0.09788437472861969 0.1050678632794505 0.11271844226271174 0.10736751167625065
получает 0.14008603637386188 0.13242941885088388 0.14259872403732257 0.13873039047718366 0.13879214924003133
отличные 0.12693675749240238 0.121353135653417 0.13025844984178506 0.12716952460408504 0.12569855025512272
оценки 0.10187858522034213 0.1099596158256753 0.10899581958538383 0.10982822579443709 0.10343943198077807
самого 0.12350184382540887 0.12580119819280194 0.12790035128375427 0.12138909166753573 0.11784239086417755
первого 0.13358593933041932 0.1289803142110877 0.139273540115605 0.14162060694545833 0.13486406954455876
приехала 0.24516988382661645 0.1531265261770016 0.19089729762146068 0.17412079621115908 0.22574433515205714
числе 0.11400216071512995 0.09263309604024111 0.10596870991959711 0.1199439834333984 0.12831727005210444
возможных 0.15585920763983035 0.11928097298332418 0.1432346157833084 0.14595593164787032 0.16105126751437598
кандидатов 0.16538870770902414 0.12770461797445073 0.15130249231050363 0.14740103988200767 0.16236062741286686
депутата 0.18017195593901875 0.13573677946438711 0.15360759988970227 0.14595593164787032 0.17414486649928462
партии 0.2045025944135561 0.15304305010320804 0.17559223223269158 0.15029125635028232 0.1780729461947572
звонить 0.1680097720933061 0.12900000668013084 0.14296419790163917 0.13730018026607868 0.16457439054021222
если 0.17909411898294542 0.15560682865241723 0.15494452950771243 0.1652488714747553 0.193920250533193
откликается 0.3642483965392409 0.1445981121950242 0.21837309227354654 0.20308984997690804 0.34081153316595136
спокойный 0.25046540584170174 0.1490604395971436 0.17287077671800372 0.1587533334326535 0.23714262573904596
женский 0.18595749109902301 0.15165233036364406 0.1511390124093127 0.12728870878834378 0.16068680651170328
ней 0.0949099359653801 0.08873258695519501 0.08707823705234542 0.08918382244961809 0.09748050836111559
досталась 0.15425505525021013 0.12050942121119679 0.1374321036011877 0.14306571517959565 0.1584325477173943
отдельная 0.16377262853583796 0.13915213552649452 0.15013669077619626 0.14162060694545833 0.15450446802192166
комната 0.10724563782501949 0.10154947026562426 0.10459756834231516 0.11416355049684906 0.11653303096568669
двухкомнатной 0.2684361177188293 0.13820042563567014 0.24765333957206503 0.23410753393024747 0.2566345401042089
попросив 0.23353907921609932 0.15294139112225152 0.18028179867826863 0.16279586637628699 0.2218964203483289
тот 0.10144678697450549 0.0842364499112656 0.09953652432063924 0.10900244966064432 0.11030689104020973
момент 0.10158114584243211 0.08456043625707815 0.09300890088735612 0.10475560097256727 0.11158952930811915
атмосфера 0.17135429012571515 0.14304988962560686 0.1622497255956704 0.15430216900013288 0.16546033656031459
наших 0.11478336503869967 0.11168272177795818 0.11889877911677925 0.12174299572487547 0.11928535891557565
посиделок 0.17115567266878018 0.14036543133173135 0.16372914720878032 0.15147093654141486 0.16161242175658638
внезапно 0.16002141170060055 0.14006789285088309 0.1493566960112434 0.13731477424782468 0.1487860390774922
сильно 0.13661376023181995 0.11853271880370943 0.12279848257940662 0.1231586119542345 0.13724229466630747
выслушать 0.21898158796074588 0.14792952071151846 0.1798340789795643 0.15854901768820992 0.20009156979386883
генерал 0.15760469856253365 0.13072348043723683 0.14051240910783813 0.14016060068828864 0.155503361140358
противник 0.2009424495191201 0.1391671658208879 0.17757113117029075 0.16590438448817843 0.18919575605410222
пробрался 0.2766699018579409 0.15954156488745092 0.21118817110240765 0.17877627638812332 0.23973434842471864
командный 0.17891060635952086 0.12968806015680492 0.150267119602961 0.15017207216602357 0.180124726654248
лизы 0.15123653387750619 0.12272736381996602 0.1288631345447781 0.1258584985772388 0.14384060905483115
украшало 0.15553312691800664 0.12330853520317618 0.13929307029594779 0.14016060068828864 0.15679922248319433
ожерелье 0.1340324559749528 0.12350225899757956 0.133556933412055 0.13443975984386874 0.13736130234064955
стоимостью 0.14950137130345792 0.13808498462456553 0.15186012676043062 0.1473116517438136 0.1464323317405038
тысяч 0.14363486926738997 0.12026907567029547 0.13537938604488034 0.13157933942165875 0.1399530250263222
ольгу 0.10478275701865088 0.09816111306566792 0.10372984106393866 0.11271844226271174 0.11391431116870497
васильевну 0.1499137060322044 0.10887291162409568 0.13351739503996243 0.1343950657747717 0.14926702842795825
написано 0.13493962926515463 0.11136355665752974 0.1269730091541916 0.13584017400890902 0.14272022893550393
заявление 0.1683167330744648 0.1366547407775227 0.15405139933742154 0.14451082341373303 0.16236062741286686
ведет 0.1256546282590628 0.10817769092370623 0.1165205385795495 0.11849887519926106 0.12831727005210444
ты 0.08313564484645221 0.08572813704511094 0.08514325523856116 0.08815160228237715 0.08772711319888775
хочешь 0.1118135959307782 0.09946380816445592 0.1056110208124801 0.11416355049684906 0.11784239086417755
чтобы 0.25866605319554503 0.22164514087282586 0.23886776306094462 0.24143736126216053 0.26044113279879055
повторили 0.18365457674027605 0.13282765206761182 0.14895101762482688 0.14740103988200767 0.17545422639777547
вопрос 0.1811499521914266 0.14775127312160288 0.1561842862354157 0.14306571517959565 0.16890742690532115
или 0.1428530501611622 0.13502130961738437 0.13500776631961672 0.12861463283822236 0.13748278934154048
четыре 0.17413005641061238 0.1207166444366757 0.13773284106352893 0.13443975984386874 0.16846197456872117
года 0.1826498989205093 0.17355974987363418 0.17483752050839652 0.18250078214620918 0.19131502929186578
мог 0.07593401931192173 0.0748308256864391 0.07343566328384822 0.07580114118856428 0.07645581922734268
себя 0.10589213232508159 0.08885910045358088 0.09371864330529317 0.0958240841440341 0.1088523527982506
заставить 0.1562767680211702 0.12567998165190727 0.13355037782704482 0.13730018026607868 0.15679922248319433
сделать 0.32764694212331547 0.27533314369184114 0.3064668387780881 0.27592628458203594 0.2942955103803894
глухой 0.14158881110317156 0.13152495696882383 0.1402737448410619 0.13294995754063438 0.13748278934154048
предъявляет 0.21554679599562548 0.14437641535272203 0.19340382499264885 0.18352874573544092 0.20687886396155614
одинаковые 0.15763033499937387 0.14011059513285667 0.15599219393714914 0.15173636458441966 0.15581382792041254
требования 0.14786826265064407 0.13871340401654 0.14412883855110098 0.13873039047718366 0.14402958883399478
ко 0.051517741613119616 0.05548941143593867 0.054454854622390796 0.047688571726531896 0.04582759644718016
лес 0.04550067930409801 0.0505351202312216 0.04959293231454079 0.05924943759963053 0.054993115736616194
ели 0.10405073530772425 0.09349511125757917 0.10176234611276344 0.09153345351071913 0.09459787802705111
несчастные 0.20327960727191985 0.14606774098015335 0.19757222103629865 0.18878774786585822 0.19826678545395646
дети 0.09349221202550538 0.100602770472931 0.09872711025305786 0.10297513519955902 0.09848546205556007
были 0.26591323412503615 0.236653933595046 0.24949839531570672 0.23720632272097494 0.25532518020571804
петляя 0.20887972398225962 0.1513218726410788 0.17805631274838668 0.15607168928683166 0.1806916659917389
массаже 0.17968892120459778 0.11838326081680187 0.16045006003140397 0.15896190575510627 0.1780729461947572
тело 0.11742514759855752 0.10665900492770986 0.10717425468802858 0.10838311756029975 0.123079830458141
расслабляется 0.19073908617845015 0.12829184322623602 0.18204388390550616 0.1921993951402649 0.20426014416457441
исчезает 0.16488778279925423 0.13557478629148081 0.14885165953951657 0.14595593164787032 0.16236062741286686
напряжение 0.1963983449804933 0.1435057020483508 0.17740054938533878 0.16618744692579296 0.18592910558570236
стабильнее 0.2374980411487559 0.1380249330316883 0.17888429679263904 0.17485809633061694 0.23437542182986423
экономическая 0.2224404768967444 0.1416967782842307 0.18846904008890464 0.17774831279889158 0.21342566345401046
политическая 0.1695690453488895 0.13278715377438527 0.156979150917898 0.16040701398924362 0.17283550660079375
обстановка 0.1550660765326947 0.13812617876475472 0.15546890802118163 0.14740103988200767 0.14926702842795825
люди 0.09654134957457965 0.1014549742480956 0.10056363007871755 0.09971246815547577 0.09689263248832378
выполняет 0.2695333818068967 0.14724504445627076 0.1846669373576977 0.16618744692579296 0.2527064604087363
специалист 0.235804437882391 0.13343512646601038 0.1598671592642503 0.15607168928683166 0.22782862233740994
исполнителя 0.30494996560598425 0.1517673538665711 0.23971794049195022 0.22254666805714884 0.2828217380740261
имеющий 0.17462600158085217 0.13313138926681112 0.1423536407602239 0.1343950657747717 0.16759806700683028
высокую 0.15492295512990328 0.12492373517289292 0.12584032698165434 0.12861463283822236 0.1584325477173943
защитного 0.16976583727772768 0.15293505465460386 0.16939891158168371 0.14451082341373303 0.14926702842795825
избежание 0.162102878836605 0.11877474431799205 0.1456920724266495 0.14595593164787032 0.1584325477173943
ожогов 0.1606120308908613 0.1348593164444781 0.1539719128691733 0.13728528224304637 0.14272022893550393
нанести 0.12346606347471102 0.11751929722796838 0.12330338387006502 0.11705376696512373 0.12046111066115928
лицо 0.10486028111182953 0.11021610501611026 0.11241373772005767 0.10982822579443709 0.10343943198077807
небольшое 0.12806383853938463 0.12084015727254713 0.12935760320163844 0.13294995754063438 0.132245349747577
количество 0.13120654600901238 0.12945954401426876 0.13029156920355514 0.13584017400890902 0.13748278934154048
обязательно 0.17718429665574834 0.1307217408198302 0.15642936951251438 0.16040701398924362 0.17938230609324804
предлагается 0.24614495923406937 0.139138636095419 0.20096828722093862 0.19508961160853955 0.2422315812208094
установить 0.19697083059165887 0.14781877027698048 0.16447075055029353 0.15029125635028232 0.18331038578872064
ограничение 0.18884272759146414 0.1388011503185309 0.17380378669710644 0.161852122223381 0.1780729461947572
скорость 0.18346374820322084 0.14100155758384122 0.16524574361571379 0.1546265810526943 0.17414486649928462
конверте 0.17190073153603264 0.11149855096828497 0.16547757914810446 0.17774831279889158 0.1846197456872115
вместе 0.1408433871302997 0.12291231994263994 0.12828453588028738 0.12427930813581038 0.13748278934154048
деньгами 0.12539223902061192 0.11135680694199196 0.12007755803365773 0.12283419990167305 0.1270079101536136
обнаружена 0.11452097580024877 0.10251467958752421 0.10935350869250085 0.11705376696512373 0.12177047055965014
записка 0.15901384189302403 0.14351920147942632 0.15999301283897666 0.14451082341373303 0.14533894873248562
поручайте 0.22521941746761068 0.11882874204229413 0.19594076810423816 0.18641896220371557 0.21080694365702873
используют 0.14860175983994997 0.1029196625197899 0.12599267604579675 0.13584017400890902 0.15581382792041254
этой 0.2204248504740989 0.21547116911196568 0.22216467875379967 0.2066504774816382 0.208188223860047
прически 0.1531697179457087 0.1185182551275571 0.13642527500337678 0.13294995754063438 0.1505763883264491
фен 0.10109738089677242 0.1026024258895151 0.10188178067716733 0.09248692698478912 0.09427391269134204
мужу 0.11798570642615716 0.10504582291418481 0.10888983762771952 0.10838311756029975 0.11784239086417755
недалеко 0.17135615705754204 0.13175222058682723 0.15866482400098006 0.1573231232215485 0.16846197456872117
кухонной 0.17068333891658452 0.13795138200773557 0.16569241113187502 0.16018354364375847 0.16457439054021222
двери 0.09416503016646287 0.09826472467840737 0.09915322327871846 0.0958240841440341 0.09200615534137847
сидел 0.1692078605372918 0.14106432297987279 0.1523517956361929 0.13873039047718366 0.15679922248319433
лис 0.10073976182459132 0.10111714054772619 0.10073967485117798 0.09439387393292911 0.09459787802705111
треугольной 0.24214960969600785 0.1432153251108345 0.20447525205200054 0.1987992193435931 0.23325504171053704
ухаживать 0.17014153096005508 0.13259141202379018 0.1506666005645178 0.14017549871132104 0.1584325477173943
сломанную 0.2196019024080484 0.14936445513512792 0.17951356466627083 0.17052277162820495 0.2055695040630653
может 0.08980868025160106 0.08406095730728379 0.08362638846949078 0.09248692698478912 0.0955832725898329
сильный 0.1534977044937723 0.1312617180628511 0.13477593078722605 0.12572441636994772 0.14926702842795825
вол 0.11907104373065859 0.11924722440563537 0.12075319301376768 0.10838311756029975 0.10867687157474153
впряжен 0.1758306067210131 0.12046217320243247 0.1600460038178088 0.16618744692579296 0.1820010258902298
за 0.08557842225990295 0.08821704246113835 0.08937153928277256 0.08329484677383311 0.0806673685915607
директора 0.16806030722779686 0.11066833595714028 0.15494562210521412 0.1632972304575183 0.17283550660079375
школы 0.11727606280398314 0.10838018238983908 0.10966483069313976 0.1199439834333984 0.12569855025512272
нюх 0.10698324858656859 0.11414443945908755 0.1154143518964283 0.1054929010920251 0.09951135228530548
талантливых 0.24089121107326855 0.1389293949137484 0.18014283253990268 0.17052277162820495 0.2186631030479739
рыбками 0.14827377329188635 0.1260171890900103 0.1338883318917875 0.12572441636994772 0.14272022893550393
умел 0.10741699406237515 0.0928716778221065 0.09548758095844374 0.10050875228449022 0.1077416145043909
любого 0.15229285594986516 0.12446365252195161 0.13574342169411818 0.13448354178910663 0.15006867734540164
сора 0.15110115120825515 0.12372311230295148 0.1256080859060583 0.12032737949551646 0.14365548600585454
извлекать 0.23349818738673034 0.14404168456176772 0.1792825402202909 0.16845833129372303 0.21676586727669123
порвал 0.20321450178843353 0.14702230384352463 0.18495838774127454 0.16618744692579296 0.18331038578872064
темноте 0.20427598552580306 0.12283807307172455 0.18424963339939449 0.17919342103302893 0.19771334467212012
иван 0.11957196864042847 0.11627734956902021 0.11410944904268654 0.11416355049684906 0.12046111066115928
задел 0.14733155739017634 0.12316880913307489 0.1353455838096717 0.1300597410723597 0.14141086903701305
сук 0.10760940472378094 0.10634851801297282 0.10894282860655168 0.10260268462375044 0.10343943198077807
чуть 0.11831369297422077 0.1167565793722013 0.12048161424725289 0.11416355049684906 0.11260495127021411
аквариуме 0.14194065121836708 0.1292435531170604 0.13747847070766583 0.12572441636994772 0.132245349747577
сюжете 0.1462494169554967 0.11388287058582522 0.13981751709676082 0.14445123132160365 0.15291163845468536
этого 0.11949014106864352 0.11580006813733457 0.11583063154457367 0.11727723731060889 0.12181096622661378
фильма 0.06678605336030673 0.06391549189143451 0.06272383737724155 0.0743709309774593 0.07904754191301532
осы 0.13596828360858487 0.11058288595012615 0.12287132984548894 0.11298660667729392 0.12699441159795902
устраивают 0.2652083858075948 0.1497418129429762 0.21709475319656468 0.20452006018801305 0.25269296185308177
гнезда 0.1598533276125758 0.1191668540814486 0.1416596364846167 0.14159081089939363 0.16068680651170328
багажнике 0.18318346878942104 0.11909873066380462 0.1748437346566874 0.19075428690612758 0.19509462487513837
лопата 0.17033832288889328 0.1192944724143997 0.13234496963330106 0.12283419990167305 0.15712318781890341
лом 0.14723017972986574 0.1221833506645617 0.12988088911760595 0.11271844226271174 0.1309359898490862
легенда 0.1217664968165632 0.12235884326854349 0.12501896680975594 0.1300597410723597 0.1270079101536136
ноев 0.13111113174048478 0.11839001053233963 0.13527934508613149 0.13294995754063438 0.1309359898490862
ковчег 0.11026907745898772 0.11122181263123675 0.11844808543456904 0.12427930813581038 0.11653303096568669
вынесло 0.16429144362095677 0.14586810248656737 0.15501848470110835 0.14595593164787032 0.15581382792041254
вершину 0.18010039523762308 0.14772427425945184 0.17014740915768792 0.1632972304575183 0.17676358629626632
нападок 0.21361465705794164 0.15065365080284038 0.1762215001063234 0.161852122223381 0.1911665451796658
нахожусь 0.1810127941804182 0.13580427661976474 0.16051629875494416 0.14740103988200767 0.16759806700683028
буду 0.104752940059736 0.09758738724495816 0.09671516024103248 0.09826735992133845 0.10474879187926894
предметом 0.20812237322582183 0.14281723106349908 0.194496763931062 0.18352874573544092 0.19771334467212012
ярых 0.15702206903751043 0.12674615836808856 0.13594835619388743 0.12572441636994772 0.14664830863097653
замуж 0.09438856514092571 0.09889008234374619 0.09831813735070509 0.10693800932616243 0.10343943198077807
выплеснуть 0.18026737020754635 0.1457601070379632 0.1801958235187348 0.17052277162820495 0.17283550660079375
бежевый 0.25411801404790674 0.13529129823889482 0.19572880418890953 0.18497385396957824 0.2317567020328825
юлин 0.19365518476032484 0.15027566673272574 0.16649765549062337 0.14595593164787032 0.17283550660079375
пиджак 0.13192215302296936 0.12873732445172825 0.1360079710450736 0.1300597410723597 0.12831727005210444
вязаную 0.22232717245286787 0.14843299439091678 0.1773078151723825 0.1546265810526943 0.19509462487513837
шапочку 0.1367226834082641 0.12529496952746982 0.1310731861413294 0.1199439834333984 0.12569855025512272
знайте 0.13965667216548772 0.12733338361987384 0.13635241240748258 0.13728528224304637 0.14141086903701305
лучше 0.15398670261997627 0.12534896725177191 0.13193428954735187 0.13150484930649703 0.1505763883264491
шапка 0.19591531024607234 0.14271598533043267 0.15434947359335238 0.14740103988200767 0.1846197456872115
цвета 0.1905005505071312 0.14433591705949547 0.14960015711552072 0.13873039047718366 0.17938230609324804
хаки 0.17213926720735165 0.1316397021329658 0.14239338399434798 0.12716952460408504 0.15712318781890341
надеялась 0.20360808564610988 0.12414751788605033 0.18062637522174607 0.17919342103302893 0.20164142436759272
факультете 0.12861217730185523 0.12059727816426209 0.12260201351703864 0.12508477829910003 0.13394107814070455
студенты 0.17122950779862436 0.14567700808109665 0.15406301826105895 0.14327892786987823 0.1627899257402409
заметят 0.279795303699665 0.14126866927741757 0.17943614137137884 0.1637473461370037 0.25139710051024544
явный 0.22036942025867354 0.14637809328842874 0.15469891000704478 0.1364561217808364 0.19369940531117272
крен 0.16009888591596233 0.12739568017475514 0.13183808051611154 0.1114391661210164 0.13394107814070455
сторону 0.15961086539496874 0.12324228144646955 0.13344344656335444 0.1296333156917946 0.15248676588326363
обрести 0.15470230963393325 0.13390760655365372 0.1395451188821198 0.13150484930649703 0.14664830863097653
большой 0.16849563482795404 0.12362104007410493 0.1456920724266495 0.15029125635028232 0.17021678680381203
урон 0.10477083023508492 0.09850534855809377 0.10110678761174711 0.1011575763896131 0.10736751167625065
здоровью 0.16133360129660124 0.13454882952974107 0.1508123257563062 0.14451082341373303 0.15450446802192166
вечеринки 0.14039016935479362 0.12379653267808673 0.13342466082700616 0.13728528224304637 0.14402958883399478
спокойствие 0.15593673173300904 0.1352440502301305 0.14608950476789062 0.14595593164787032 0.1584325477173943
запись 0.1943111578564521 0.11764079210764809 0.15305119461196467 0.15029125635028232 0.18592910558570236
голоса 0.2177771045224581 0.1413390433607293 0.15607168040539737 0.14451082341373303 0.20033206446910184
барса 0.1987658115183343 0.1456318624427457 0.16249021271644185 0.14162060694545833 0.17152614670230285
наткнулся 0.2222675385350381 0.15340753474224716 0.1932845952902765 0.17485809633061694 0.20426014416457441
совершенно 0.16421988291956108 0.13704622427871288 0.15074608703276604 0.14306571517959565 0.15581382792041254
уютный 0.17587831385527686 0.15018792043073484 0.16998843622119145 0.14595593164787032 0.15581382792041254
хочется 0.12633445492232193 0.11045909477546967 0.12064721105610338 0.12861463283822236 0.13486406954455876
заплести 0.21918446498324015 0.14476114913837446 0.18990642038972677 0.17196787986234227 0.19902270457061097
бант 0.1727534965609981 0.13525079994566827 0.13768381075064043 0.12283419990167305 0.15450446802192166
косу 0.14567373447450932 0.12810960090671644 0.1353853270437958 0.11416355049684906 0.12438919035663186
надеть 0.1416722985881332 0.1329221480851405 0.14193633680192067 0.1300597410723597 0.1296266299505953
красивое 0.17462003818906918 0.14305347110732078 0.1631393522071357 0.15318147281855699 0.1636699873113577
два 0.09509224537131676 0.09521148737566607 0.1013452470164918 0.09682225168720111 0.09165519289436032
накопилась 0.17977240868955943 0.12678665666131514 0.17197559792739717 0.1690776633940676 0.17676358629626632
уйма 0.11795588946724228 0.10597053394285816 0.1114532762287249 0.10693800932616243 0.11129559137172323
вопросов 0.10676856648238148 0.10175871144729487 0.10504799166238844 0.10838311756029975 0.11129559137172323
крепкую 0.20319064822130162 0.15986701251188506 0.18450796442120126 0.15173636458441966 0.16890742690532115
прописал 0.16260976713815786 0.12229809582870364 0.14232714527080778 0.14595593164787032 0.16628870710833946
заживляющую 0.25369461323131554 0.1451796315017157 0.22729817982816447 0.20954069394991284 0.23306606193137339
мазь 0.10420430801570231 0.09797212103061059 0.10314694029678499 0.10404779285788776 0.10605815177775979
обработки 0.21818261516370036 0.13755920265958277 0.21231498056337333 0.1965347198426769 0.20295078426608354
успевала 0.22311593860313148 0.12402330920321626 0.16170005986068564 0.16161375385486348 0.20733781485381067
убраться 0.22236639558645074 0.14974849307381768 0.17357222431409117 0.1487418619549186 0.19697092411112013
разморозить 0.3024199505333578 0.1507171120458346 0.2549729233852877 0.22454300314348286 0.26824329796711754
фарш 0.11835697367334669 0.11229967957639063 0.11305761908527462 0.11012618625508394 0.11792338219810483
приготовить 0.16907211652639687 0.13721656761517104 0.16601363479737302 0.16447417427707345 0.17105369725439382
ужин 0.10180800817119928 0.10678189150131487 0.10828515319787582 0.104405345410664 0.09978132339839638
всем 0.1319372766763571 0.12455103953969444 0.13288170815600817 0.11298660667729392 0.11403579816959587
слезал 0.3217192077345069 0.12796458639969896 0.18895162674793406 0.1802064865992283 0.28508949542398965
щупал 0.30821562960721977 0.16639537913082592 0.18384482602501692 0.15446270279933855 0.26046812991009965
стога 0.2410459518682969 0.1637233267942275 0.18581150152806586 0.15017207216602357 0.19697092411112013
узнать 0.12046985871249391 0.11335514024934704 0.11350339886596574 0.1144168168883989 0.12310682756945009
деревнях 0.23199979392485306 0.12728613561110952 0.20443257246209057 0.20809558571577552 0.22782862233740994
мяли 0.22835616154545546 0.16224966209671493 0.19431129550514947 0.14595593164787032 0.17545422639777547
лен 0.15825649113658624 0.12989152580868552 0.1379156462830311 0.12283419990167305 0.14533894873248562
дороги 0.16607449776406621 0.13898339263805048 0.15432960197629034 0.14740103988200767 0.16236062741286686
оставались 0.21462843366104736 0.1410218067304545 0.1822359762037727 0.17341298809647962 0.20295078426608354
другом 0.14552464967993495 0.13078248825967007 0.1369088176852202 0.12861463283822236 0.14141086903701305
обнаружив 0.15322935186353845 0.11152554983043603 0.1392006775197108 0.14740103988200767 0.16105126751437598
досье 0.14678888873792562 0.12391127784222866 0.14179061161013223 0.1300597410723597 0.13486406954455876
сыщики 0.15724867792526348 0.13974611049381755 0.15061360958568565 0.13294995754063438 0.1401015091385222
решили 0.14635952452955142 0.130472001344933 0.14284380731442128 0.13873039047718366 0.14402958883399478
рыть 0.12114034067935084 0.11007436098981725 0.11179771759113388 0.10260268462375044 0.11129559137172323
ставить 0.19410840253583098 0.12851458383898215 0.14198270390839882 0.1343950657747717 0.1806916659917389
скворцы 0.207738407741989 0.14282572264111112 0.16878481451247565 0.15215591213626595 0.18922362403996967
начали 0.14849538062524076 0.11779864835812798 0.13891157754245312 0.13873039047718366 0.14867570460283333
вить 0.13760584249457497 0.12642434934986885 0.13115780076881942 0.12232141956052756 0.12975334219883636
семейные 0.18109012590612 0.15036450169851306 0.17478134205257861 0.16707315842413517 0.17570765089425758
неподалеку 0.1658299987009643 0.14234496870861507 0.1677796953010787 0.15812281065141368 0.1581368858048318
друг 0.23090297406683538 0.21071000237539708 0.21632126465552687 0.20124441744645002 0.21242372227461986
виновницу 0.18624268877408715 0.14293872594317883 0.1665638942141636 0.15318147281855699 0.17021678680381203
случившегося 0.18179996189577088 0.13928712983724975 0.17524116699792855 0.16474233869165564 0.17283550660079375
приказали 0.2191785015914572 0.15004617640444184 0.18947586868671554 0.17341298809647962 0.20426014416457441
сечь 0.13737269311260836 0.12662466348840887 0.12807257196495875 0.11705376696512373 0.12177047055965014
хотя 0.11152138973341244 0.10725972961057065 0.11206267248529465 0.10404779285788776 0.10343943198077807
чем 0.12016830781872595 0.11050634278423399 0.11158575367580527 0.09971246815547577 0.10867687157474153
целью 0.15315779116214273 0.11870724716261442 0.12487324161796753 0.1199439834333984 0.14402958883399478
нескрываемой 0.2860126309556225 0.1314916954840089 0.23803984730403613 0.22740342356569282 0.2734267433384628
едкой 0.1929158471357676 0.14317524432578552 0.16039549844366313 0.14016060068828864 0.17234955859723014
иронией 0.1552380312421481 0.14348253034449437 0.15618681286713837 0.14016060068828864 0.14124888636915853
отзываются 0.24194304272290684 0.1378044191292227 0.20673692888050682 0.18878774786585822 0.22159228962501015
всей 0.177983391154667 0.1204689229179702 0.13950537564799564 0.12716952460408504 0.16105126751437598
бродил 0.21359615209993468 0.14300156092390665 0.1573405958289271 0.14445123132160365 0.1956750627682838
среди 0.1816963095396256 0.13225991053078093 0.1502277860929 0.13443975984386874 0.16716611322588487
берез 0.17604227639017578 0.1322933111849884 0.1462878795017919 0.14016060068828864 0.1619826678545396
жевал 0.2066377960631901 0.15781809113034495 0.17150721503588978 0.14445123132160365 0.180124726654248
талый 0.2093821858486746 0.16030977993422296 0.1807178119751691 0.1473116517438136 0.17494128128290276
поглядывал 0.2676458760901865 0.14423738512958342 0.23207426494478764 0.21310132145464297 0.25139710051024544
тайги 0.2121774796382447 0.14918221281560837 0.16958438000759626 0.14451082341373303 0.17283550660079375
мопед 0.2226491956091485 0.15997500796048925 0.19388736767449224 0.15607168928683166 0.1846197456872115
упал 0.14980636498011088 0.133786111673974 0.13891585100848797 0.12716952460408504 0.13879214924003133
сугроб 0.16198957439272846 0.13853791141255822 0.15171317239645282 0.14595593164787032 0.15450446802192166
